0.1	1	39	3.4	0.710406563699301	4.9	0.375602871669773	3.1	3.2	3.4	2.6	3.4	33
0.1	1	39	3.4	0.710406563699301	4.9	0.375602871669773	3.2	2.7	2.2	2.3	3.3	33
0.1	1	39	3.4	0.710406563699301	4.9	0.375602871669773	3	1.6	4.4	1.5	1.6	53
0.1	1	39	3.4	0.710406563699301	4.9	0.375602871669773	4.6	3.8	0.9	5.2	4.1	69
0.1	1	39	3.4	0.710406563699301	4.9	0.375602871669773	1.3	3.9	3.3	1.3	3	18
0.1	1	39	3.4	0.710406563699301	4.9	0.375602871669773	1.5	3.5	3	2.6	4.2	37
0.1	1	39	3.4	0.710406563699301	4.9	0.375602871669773	3.2	3.8	2.1	3	1.3	41
0.1	1	39	3.4	0.710406563699301	4.9	0.375602871669773	4.7	2.1	2.7	2.5	4.4	43
-0.2	2	64	2.3	0.25688370915653	1.5	0.561876363549783	4.4	1.5	1.4	3.5	3.6	33
-0.2	2	64	2.3	0.25688370915653	1.5	0.561876363549783	4.2	1.7	2.9	3.5	1.2	50
-0.04	3	45	3	0.246691878462374	4.6	0.343917234128459	4.26	2.16	2.46	3.96	2.06	61
-0.04	3	45	3	0.246691878462374	4.6	0.343917234128459	2.96	2.76	2.96	3.36	2.76	50
0.01	4	69	4.8	0.347542599397733	3.3	0.0904966471392212	2.91	1.01	2.11	1.41	4.81	69
0.01	4	69	4.8	0.347542599397733	3.3	0.0904966471392212	2.81	5.41	3.21	2.81	4.81	32
0.01	4	69	4.8	0.347542599397733	3.3	0.0904966471392212	2.61	4.11	4.21	1.51	3.61	49
0.01	4	69	4.8	0.347542599397733	3.3	0.0904966471392212	1.61	3.41	4.01	1.61	1.31	29
0.01	4	69	4.8	0.347542599397733	3.3	0.0904966471392212	3.31	2.31	3.21	3.71	4.31	28
0.01	4	69	4.8	0.347542599397733	3.3	0.0904966471392212	3.41	2.21	1.11	3.61	2.91	57
0.01	4	69	4.8	0.347542599397733	3.3	0.0904966471392212	2.61	3.61	2.71	2.11	2.61	35
0.01	4	69	4.8	0.347542599397733	3.3	0.0904966471392212	3.91	1.91	2.01	3.91	2.21	25
0.01	4	69	4.8	0.347542599397733	3.3	0.0904966471392212	3.21	2.61	2.71	3.71	2.01	21
0.01	4	69	4.8	0.347542599397733	3.3	0.0904966471392212	1.61	3.71	2.51	2.81	2.71	68
-0.09	5	72	2.9	0.951618567265016	2.6	1.59850877114583	2.71	4.61	4.01	2.41	1.41	42
-0.09	5	72	2.9	0.951618567265016	2.6	1.59850877114583	4.11	2.41	1.91	4.51	2.41	59
-0.09	5	72	2.9	0.951618567265016	2.6	1.59850877114583	3.11	3.21	2.11	3.11	4.11	19
-0.09	5	72	2.9	0.951618567265016	2.6	1.59850877114583	3.71	1.71	2.21	2.91	3.71	29
-0.09	5	72	2.9	0.951618567265016	2.6	1.59850877114583	2.41	3.21	1.41	3.21	3.31	66
-0.09	5	72	2.9	0.951618567265016	2.6	1.59850877114583	1.91	4.41	2.51	1.91	1.41	24
-0.09	5	72	2.9	0.951618567265016	2.6	1.59850877114583	2.91	2.61	4.71	3.81	3.11	70
0.03	6	27	4.6	0.0450277248089203	2.8	0.088565112138884	3.43	3.83	2.33	2.63	3.03	31
0.03	6	27	4.6	0.0450277248089203	2.8	0.088565112138884	5.03	3.53	3.03	2.93	3.33	71
0.03	6	27	4.6	0.0450277248089203	2.8	0.088565112138884	1.83	4.73	2.53	2.63	1.03	49
0.03	6	27	4.6	0.0450277248089203	2.8	0.088565112138884	3.03	3.13	3.33	2.43	1.63	31
0.03	6	27	4.6	0.0450277248089203	2.8	0.088565112138884	5.53	3.93	1.43	2.03	4.53	51
0.03	6	27	4.6	0.0450277248089203	2.8	0.088565112138884	3.43	1.23	3.43	3.73	1.33	20
0.04	7	51	4.7	0.784904469457076	3.8	1.08079949615152	3.44	3.04	3.04	3.94	4.44	53
0.04	7	51	4.7	0.784904469457076	3.8	1.08079949615152	1.84	3.74	3.54	4.04	3.14	47
0.04	7	51	4.7	0.784904469457076	3.8	1.08079949615152	1.64	2.74	1.44	4.74	2.24	50
0.04	7	51	4.7	0.784904469457076	3.8	1.08079949615152	2.74	3.94	3.54	2.84	2.84	19
0.04	7	51	4.7	0.784904469457076	3.8	1.08079949615152	3.84	2.24	2.34	1.24	2.54	18
0.04	7	51	4.7	0.784904469457076	3.8	1.08079949615152	3.64	2.64	4.04	3.14	2.04	25
0.04	7	51	4.7	0.784904469457076	3.8	1.08079949615152	2.44	3.84	3.54	3.04	3.64	19
0.04	7	51	4.7	0.784904469457076	3.8	1.08079949615152	2.04	4.14	3.84	2.54	4.84	23
0.04	7	51	4.7	0.784904469457076	3.8	1.08079949615152	3.64	1.04	3.04	3.84	2.24	44
0	8	70	3.4	1.66794193658814	1.3	0.630754115650567	4	3.7	2.5	4.5	2.7	53
0	8	70	3.4	1.66794193658814	1.3	0.630754115650567	2.5	4.8	4	1.8	4.5	46
0	8	70	3.4	1.66794193658814	1.3	0.630754115650567	2.1	3.4	2.9	3.4	2.2	26
0	8	70	3.4	1.66794193658814	1.3	0.630754115650567	2.8	2.7	2.3	2.6	4.2	51
0	8	70	3.4	1.66794193658814	1.3	0.630754115650567	2.6	1.7	2.3	2.7	4.2	20
0	8	70	3.4	1.66794193658814	1.3	0.630754115650567	3.4	2.1	2.9	3.3	2.5	45
0	8	70	3.4	1.66794193658814	1.3	0.630754115650567	2.2	4.1	3.6	4.1	2.5	58
0	8	70	3.4	1.66794193658814	1.3	0.630754115650567	1.9	2.6	4.8	1.5	3.6	59
0	8	70	3.4	1.66794193658814	1.3	0.630754115650567	3.6	3.3	4.4	4.9	4.4	21
-0.25	9	53	2.6	0.380226520287762	2.4	0.113639895506141	2.15	3.85	2.95	0.55	3.55	70
-0.25	9	53	2.6	0.380226520287762	2.4	0.113639895506141	3.75	0.55	3.45	5.45	2.95	64
-0.25	9	53	2.6	0.380226520287762	2.4	0.113639895506141	2.95	4.15	3.55	2.25	3.05	30
-0.25	9	53	2.6	0.380226520287762	2.4	0.113639895506141	3.35	2.45	3.45	5.05	2.45	41
-0.25	9	53	2.6	0.380226520287762	2.4	0.113639895506141	1.95	3.35	5.15	2.65	2.45	41
-0.25	9	53	2.6	0.380226520287762	2.4	0.113639895506141	3.85	3.05	3.25	4.35	3.15	19
-0.25	9	53	2.6	0.380226520287762	2.4	0.113639895506141	4.45	2.45	2.85	2.95	2.55	39
0.26	10	48	1.6	0.918996609060766	3.7	1.5329020028906	3.96	3.66	3.46	4.56	2.76	68
0.26	10	48	1.6	0.918996609060766	3.7	1.5329020028906	4.06	1.56	4.16	3.26	2.16	44
-0.02	11	73	4.7	0.575346962608392	2.3	0.52111731755252	3.28	4.88	2.48	2.08	2.38	41
-0.02	11	73	4.7	0.575346962608392	2.3	0.52111731755252	3.48	1.58	5.18	4.08	1.08	32
-0.02	11	73	4.7	0.575346962608392	2.3	0.52111731755252	2.68	2.68	2.38	3.98	3.98	45
-0.02	11	73	4.7	0.575346962608392	2.3	0.52111731755252	2.48	2.68	2.38	1.18	1.08	53
0.07	12	48	2.2	0.607964322225033	4.3	0.489870453138474	1.47	4.57	2.67	1.67	2.67	30
0.07	12	48	2.2	0.607964322225033	4.3	0.489870453138474	3.37	3.27	1.97	3.17	3.47	18
0.07	12	48	2.2	0.607964322225033	4.3	0.489870453138474	3.07	1.67	3.87	3.67	2.47	19
0.07	12	48	2.2	0.607964322225033	4.3	0.489870453138474	3.37	1.97	1.17	5.47	2.77	21
0.03	13	59	1.2	1.61788270828916	1.9	0.0471544327615272	3.73	3.43	4.03	1.83	4.53	20
0.03	13	59	1.2	1.61788270828916	1.9	0.0471544327615272	2.03	4.33	4.63	3.13	1.33	33
0.03	13	59	1.2	1.61788270828916	1.9	0.0471544327615272	4.23	2.23	4.53	2.93	4.13	53
0.03	13	59	1.2	1.61788270828916	1.9	0.0471544327615272	2.93	3.83	4.23	2.93	4.43	60
0.1	14	54	4.8	0.0555619655245394	3	1.30019867766682	2.9	3.2	4.1	3.1	1.6	38
0.1	14	54	4.8	0.0555619655245394	3	1.30019867766682	3.1	3.8	2.1	1.9	5	71
0.1	14	54	4.8	0.0555619655245394	3	1.30019867766682	1.1	3.4	5.6	1.7	3.3	62
0.1	14	54	4.8	0.0555619655245394	3	1.30019867766682	2.4	2.6	2.5	2.9	1.1	61
0.1	14	54	4.8	0.0555619655245394	3	1.30019867766682	3.6	3.9	1.4	5.6	1.6	52
0.1	14	54	4.8	0.0555619655245394	3	1.30019867766682	2.8	4.8	2.9	1.2	1.1	70
0.1	14	54	4.8	0.0555619655245394	3	1.30019867766682	2.6	3.1	3.2	4	4.4	45
0.1	14	54	4.8	0.0555619655245394	3	1.30019867766682	5.5	3.3	4.7	2.9	4.2	66
0.1	14	54	4.8	0.0555619655245394	3	1.30019867766682	3	2.9	3.9	4.5	4.8	40
0.08	15	30	3.9	0.519407203943462	2.1	2.29307897383109	4.08	5.28	3.48	2.48	3.58	70
0.08	15	30	3.9	0.519407203943462	2.1	2.29307897383109	1.08	2.98	3.38	2.58	1.58	38
0.08	15	30	3.9	0.519407203943462	2.1	2.29307897383109	2.78	4.48	3.08	2.38	1.38	55
-0.02	16	70	1.6	0.301153362166714	1.8	1.54758105898377	2.38	3.28	2.58	3.18	3.38	46
0.04	17	37	3.2	0.105676194148943	4.8	0.133150964328944	2.14	2.14	2.94	1.74	2.44	32
0.04	17	37	3.2	0.105676194148943	4.8	0.133150964328944	3.34	3.14	3.04	3.14	2.04	58
0.04	17	37	3.2	0.105676194148943	4.8	0.133150964328944	4.84	1.04	3.34	3.24	1.24	71
0.04	17	37	3.2	0.105676194148943	4.8	0.133150964328944	3.94	3.44	3.64	3.14	4.14	48
0.04	17	37	3.2	0.105676194148943	4.8	0.133150964328944	2.14	4.24	4.44	2.14	1.84	39
0.04	17	37	3.2	0.105676194148943	4.8	0.133150964328944	3.54	4.44	3.04	2.44	2.64	63
0.04	17	37	3.2	0.105676194148943	4.8	0.133150964328944	3.14	1.24	3.24	2.44	2.34	24
0.04	17	37	3.2	0.105676194148943	4.8	0.133150964328944	3.14	3.44	5.54	2.64	3.44	47
0.04	17	37	3.2	0.105676194148943	4.8	0.133150964328944	3.34	4.44	3.34	4.24	3.24	42
0.04	17	37	3.2	0.105676194148943	4.8	0.133150964328944	5.84	2.14	3.04	4.54	5.04	33
-0.09	18	27	4.8	0.640706008305376	2.3	1.75652739555764	4.11	2.61	3.51	3.81	3.51	54
-0.09	18	27	4.8	0.640706008305376	2.3	1.75652739555764	2.81	3.01	2.41	2.01	1.51	25
-0.09	18	27	4.8	0.640706008305376	2.3	1.75652739555764	3.41	2.61	3.41	2.31	2.21	40
-0.09	18	27	4.8	0.640706008305376	2.3	1.75652739555764	3.21	1.51	3.91	2.21	4.71	42
-0.09	18	27	4.8	0.640706008305376	2.3	1.75652739555764	2.71	4.71	3.41	2.41	1.71	52
-0.09	18	27	4.8	0.640706008305376	2.3	1.75652739555764	2.91	2.81	2.41	1.41	3.91	32
-0.09	18	27	4.8	0.640706008305376	2.3	1.75652739555764	1.81	1.31	3.61	2.91	2.71	43
-0.09	18	27	4.8	0.640706008305376	2.3	1.75652739555764	3.81	1.71	2.11	4.31	1.51	27
-0.09	18	27	4.8	0.640706008305376	2.3	1.75652739555764	1.81	3.91	2.91	2.71	1.71	64
0.09	19	41	3.3	0.849704346033582	2.9	0.388779864071744	1.79	2.29	4.19	2.39	3.79	49
0.09	19	41	3.3	0.849704346033582	2.9	0.388779864071744	3.09	2.89	3.09	5.69	3.39	49
0.09	19	41	3.3	0.849704346033582	2.9	0.388779864071744	3.29	2.79	5.19	5.59	2.79	50
0.09	19	41	3.3	0.849704346033582	2.9	0.388779864071744	2.19	0.79	3.89	1.89	3.99	30
-0.05	20	73	2.6	1.02412879060491	1.1	0.0892072230732945	4.55	1.55	0.75	2.05	1.05	52
-0.05	20	73	2.6	1.02412879060491	1.1	0.0892072230732945	3.85	1.85	2.25	3.75	2.15	37
-0.05	20	73	2.6	1.02412879060491	1.1	0.0892072230732945	1.95	2.05	4.55	1.55	3.95	41
-0.05	20	73	2.6	1.02412879060491	1.1	0.0892072230732945	3.55	3.65	4.25	3.25	4.75	70
-0.05	20	73	2.6	1.02412879060491	1.1	0.0892072230732945	4.65	2.95	2.45	5.45	2.65	55
-0.05	20	73	2.6	1.02412879060491	1.1	0.0892072230732945	1.85	4.15	3.75	2.15	3.05	57
-0.05	20	73	2.6	1.02412879060491	1.1	0.0892072230732945	2.65	3.95	2.75	2.35	1.25	27
0.24	21	69	3.6	0.117646597100126	3.2	0.845013004067436	3.94	3.64	2.34	2.24	4.54	56
0.24	21	69	3.6	0.117646597100126	3.2	0.845013004067436	2.74	2.54	3.44	2.94	2.14	50
0.24	21	69	3.6	0.117646597100126	3.2	0.845013004067436	3.54	1.24	4.04	3.84	2.84	72
0.24	21	69	3.6	0.117646597100126	3.2	0.845013004067436	2.84	3.24	3.14	4.84	5.14	20
0.24	21	69	3.6	0.117646597100126	3.2	0.845013004067436	0.94	5.04	2.54	1.84	1.74	71
0.24	21	69	3.6	0.117646597100126	3.2	0.845013004067436	4.24	2.84	1.64	3.14	3.74	58
-0.17	22	60	2.3	0.947474614184802	3.6	0.962527968484271	1.73	3.43	3.13	1.73	4.53	59
-0.17	22	60	2.3	0.947474614184802	3.6	0.962527968484271	3.83	3.03	2.43	4.03	4.33	36
-0.17	22	60	2.3	0.947474614184802	3.6	0.962527968484271	2.43	3.83	1.83	3.53	2.53	31
-0.17	22	60	2.3	0.947474614184802	3.6	0.962527968484271	1.03	3.53	3.03	2.33	3.93	51
-0.17	22	60	2.3	0.947474614184802	3.6	0.962527968484271	4.53	2.33	1.53	2.93	2.03	36
-0.17	22	60	2.3	0.947474614184802	3.6	0.962527968484271	0.73	3.93	2.93	3.83	2.03	21
-0.17	22	60	2.3	0.947474614184802	3.6	0.962527968484271	2.93	3.73	2.43	1.03	4.83	71
-0.17	22	60	2.3	0.947474614184802	3.6	0.962527968484271	3.83	1.83	3.83	2.43	4.73	55
-0.17	22	60	2.3	0.947474614184802	3.6	0.962527968484271	2.03	1.73	5.33	1.23	2.73	65
-0.05	23	57	2.2	0.490557443700668	3.4	0.684309429416465	2.05	4.15	2.35	4.35	1.15	66
-0.05	23	57	2.2	0.490557443700668	3.4	0.684309429416465	1.15	2.55	1.15	2.65	2.35	38
0.08	24	75	1.9	0.256092192198247	2.3	1.39527434979947	3.28	2.98	1.88	3.58	2.88	20
0.08	24	75	1.9	0.256092192198247	2.3	1.39527434979947	3.48	2.08	2.18	3.98	2.98	31
0.08	24	75	1.9	0.256092192198247	2.3	1.39527434979947	2.98	3.78	3.68	1.78	4.18	30
0.08	24	75	1.9	0.256092192198247	2.3	1.39527434979947	2.68	3.18	2.68	4.38	4.38	41
0.08	24	75	1.9	0.256092192198247	2.3	1.39527434979947	2.18	4.58	3.08	3.18	2.18	48
0.08	24	75	1.9	0.256092192198247	2.3	1.39527434979947	4.48	2.88	2.78	4.58	3.98	57
0.08	24	75	1.9	0.256092192198247	2.3	1.39527434979947	2.48	2.88	2.58	2.18	3.08	31
0.08	24	75	1.9	0.256092192198247	2.3	1.39527434979947	3.48	3.28	1.08	3.48	1.38	66
0.05	25	58	2.5	1.84386200523221	4.6	0.849643045633355	2.35	3.35	2.45	1.85	2.05	53
0.05	25	58	2.5	1.84386200523221	4.6	0.849643045633355	3.75	2.15	3.65	3.05	1.25	32
0.05	25	58	2.5	1.84386200523221	4.6	0.849643045633355	4.25	2.95	4.05	3.95	2.45	53
0.05	25	58	2.5	1.84386200523221	4.6	0.849643045633355	1.95	2.65	2.25	0.95	3.35	42
0.05	25	58	2.5	1.84386200523221	4.6	0.849643045633355	2.25	4.65	4.35	1.35	4.25	29
0.05	25	58	2.5	1.84386200523221	4.6	0.849643045633355	4.35	2.15	2.65	2.35	2.45	51
0.05	25	58	2.5	1.84386200523221	4.6	0.849643045633355	0.55	3.85	3.55	1.05	1.55	71
0.05	25	58	2.5	1.84386200523221	4.6	0.849643045633355	2.75	3.65	3.25	3.35	4.15	29
0.05	25	58	2.5	1.84386200523221	4.6	0.849643045633355	4.95	2.05	2.65	2.65	4.55	41
0.05	25	58	2.5	1.84386200523221	4.6	0.849643045633355	4.65	3.75	3.45	1.25	5.05	36
-0.06	26	60	4.9	0.651949901695459	3.5	0.446557216427222	1.74	2.24	3.34	2.24	4.04	25
-0.06	26	60	4.9	0.651949901695459	3.5	0.446557216427222	1.14	2.84	3.64	1.54	4.54	31
-0.06	26	60	4.9	0.651949901695459	3.5	0.446557216427222	2.24	2.54	2.34	3.24	3.04	57
-0.06	26	60	4.9	0.651949901695459	3.5	0.446557216427222	3.14	2.34	4.34	2.44	1.54	52
-0.06	26	60	4.9	0.651949901695459	3.5	0.446557216427222	3.04	1.94	3.94	2.84	2.04	42
-0.1	27	52	1.6	0.235386572284857	2.2	0.174802700161256	3.1	3.5	2.5	3.9	4.6	45
-0.1	27	52	1.6	0.235386572284857	2.2	0.174802700161256	3.7	2.5	2.9	3.5	1.3	60
0.01	28	55	1.4	0.0779608495637108	2.6	0.0745511771737346	1.71	3.41	4.11	1.71	4.11	25
0.01	28	55	1.4	0.0779608495637108	2.6	0.0745511771737346	3.81	2.01	3.01	3.41	4.31	27
0.01	28	55	1.4	0.0779608495637108	2.6	0.0745511771737346	4.61	2.01	2.71	4.21	2.21	52
0.01	28	55	1.4	0.0779608495637108	2.6	0.0745511771737346	4.51	3.81	1.11	3.11	1.91	28
0.01	28	55	1.4	0.0779608495637108	2.6	0.0745511771737346	2.41	2.91	1.51	3.81	3.51	54
0.01	28	55	1.4	0.0779608495637108	2.6	0.0745511771737346	1.61	4.21	3.91	1.41	2.51	46
0.01	28	55	1.4	0.0779608495637108	2.6	0.0745511771737346	3.11	2.41	1.61	4.11	4.51	58
0	29	39	1.6	0.961856634130129	1.6	0.428166764970506	1.7	3.9	4.3	2.8	1.9	40
0	29	39	1.6	0.961856634130129	1.6	0.428166764970506	3.4	2.2	3.3	3.9	2.1	47
0	29	39	1.6	0.961856634130129	1.6	0.428166764970506	2.4	2.5	2.3	4.1	3.9	43
0	29	39	1.6	0.961856634130129	1.6	0.428166764970506	2.9	3.5	1.1	2.5	1.7	25
0	29	39	1.6	0.961856634130129	1.6	0.428166764970506	4.3	2.2	4.9	2.8	2.5	20
0	29	39	1.6	0.961856634130129	1.6	0.428166764970506	2.3	1.6	6.5	1	3.7	27
-0.18	30	32	3.8	0.0713080861235987	4.5	0.0246749828261399	1.92	2.52	5.02	3.32	4.52	41
-0.18	30	32	3.8	0.0713080861235987	4.5	0.0246749828261399	1.22	4.32	2.22	4.52	4.02	71
-0.18	30	32	3.8	0.0713080861235987	4.5	0.0246749828261399	3.82	3.22	2.92	3.52	4.22	45
-0.18	30	32	3.8	0.0713080861235987	4.5	0.0246749828261399	2.42	4.42	5.52	2.72	4.12	45
0	31	73	3.5	1.44455085842335	4.8	1.66747509758566	2.4	3.5	1.8	3.6	3.3	36
0	31	73	3.5	1.44455085842335	4.8	1.66747509758566	3.1	3.5	3.7	1.8	3.6	67
0	31	73	3.5	1.44455085842335	4.8	1.66747509758566	4.8	2.3	3.4	2.9	2.1	50
0	31	73	3.5	1.44455085842335	4.8	1.66747509758566	3.1	1.8	3.5	2.1	4.6	69
0	31	73	3.5	1.44455085842335	4.8	1.66747509758566	4.1	4	3.3	4.1	1.6	67
0	31	73	3.5	1.44455085842335	4.8	1.66747509758566	4.2	1.4	3.4	4.5	3.2	39
0	31	73	3.5	1.44455085842335	4.8	1.66747509758566	2.1	2.2	3.6	3.6	2	57
0	31	73	3.5	1.44455085842335	4.8	1.66747509758566	2.6	3.7	1.2	1.9	1.3	63
0	31	73	3.5	1.44455085842335	4.8	1.66747509758566	4.5	1.5	2.7	3.8	4.1	67
0	31	73	3.5	1.44455085842335	4.8	1.66747509758566	4.2	2.2	3	4.3	3.4	25
0.02	32	70	4.6	0.451504053079215	3.3	0.736495964773442	3.42	2.72	4.12	2.22	4.02	55
0.02	32	70	4.6	0.451504053079215	3.3	0.736495964773442	2.62	3.32	2.82	2.42	4.12	59
0.02	32	70	4.6	0.451504053079215	3.3	0.736495964773442	3.62	3.92	3.72	1.42	1.82	53
0.02	32	70	4.6	0.451504053079215	3.3	0.736495964773442	2.72	2.82	3.62	2.72	1.22	68
0.02	32	70	4.6	0.451504053079215	3.3	0.736495964773442	2.62	3.02	2.32	4.32	2.32	18
0.02	33	60	3.7	0.0412329219929399	2.3	0.386026568349676	1.32	4.92	3.02	1.62	3.52	28
0.02	33	60	3.7	0.0412329219929399	2.3	0.386026568349676	1.92	2.32	2.62	1.62	4.52	58
0.02	33	60	3.7	0.0412329219929399	2.3	0.386026568349676	4.02	2.62	3.32	2.92	1.82	41
0.02	33	60	3.7	0.0412329219929399	2.3	0.386026568349676	2.32	3.52	3.62	2.52	2.12	54
0.02	33	60	3.7	0.0412329219929399	2.3	0.386026568349676	4.92	1.42	3.42	3.52	4.52	28
0.02	33	60	3.7	0.0412329219929399	2.3	0.386026568349676	3.72	3.02	3.12	4.12	1.12	66
0.02	33	60	3.7	0.0412329219929399	2.3	0.386026568349676	3.12	2.52	2.42	1.72	4.12	21
0.02	33	60	3.7	0.0412329219929399	2.3	0.386026568349676	4.72	3.02	1.52	4.92	2.82	30
0.02	33	60	3.7	0.0412329219929399	2.3	0.386026568349676	1.42	3.02	4.62	3.02	1.32	32
0.02	33	60	3.7	0.0412329219929399	2.3	0.386026568349676	3.92	3.52	3.42	3.02	4.62	59
-0.11	34	65	3.9	0.422496832339625	5	0.265651625278222	1.19	3.09	2.09	0.89	1.79	25
0.05	35	26	3.1	2.05324722154052	1.9	0.118144511046681	4.65	2.35	1.45	3.85	4.35	53
0.05	35	26	3.1	2.05324722154052	1.9	0.118144511046681	2.75	2.55	3.45	3.35	4.95	20
0.05	35	26	3.1	2.05324722154052	1.9	0.118144511046681	3.55	1.95	4.55	3.05	3.75	28
0.14	36	49	3.6	1.13133721341418	3.5	0.134038645368463	4.14	2.74	3.04	3.34	4.64	49
0.14	36	49	3.6	1.13133721341418	3.5	0.134038645368463	3.84	3.74	3.34	2.94	1.54	22
0.14	36	49	3.6	1.13133721341418	3.5	0.134038645368463	2.94	3.04	4.64	3.34	3.54	69
0.14	36	49	3.6	1.13133721341418	3.5	0.134038645368463	1.94	2.94	1.74	3.94	2.14	58
0.14	36	49	3.6	1.13133721341418	3.5	0.134038645368463	3.84	3.14	2.94	3.14	3.04	44
0.14	36	49	3.6	1.13133721341418	3.5	0.134038645368463	4.24	2.74	3.74	3.44	2.24	28
0.14	36	49	3.6	1.13133721341418	3.5	0.134038645368463	2.94	2.64	4.84	3.14	4.84	57
0.14	36	49	3.6	1.13133721341418	3.5	0.134038645368463	3.84	2.74	3.44	3.94	2.74	51
0.05	37	63	4.3	1.46064007092482	1.4	0.221019468561002	1.65	2.35	5.15	3.15	3.15	63
-0.11	38	36	4.1	0.739947510877335	2.9	1.64084616597749	3.79	2.29	1.39	2.49	3.19	61
-0.11	38	36	4.1	0.739947510877335	2.9	1.64084616597749	1.79	1.89	3.69	2.89	3.89	29
-0.11	38	36	4.1	0.739947510877335	2.9	1.64084616597749	2.99	3.79	3.19	2.19	3.09	39
-0.11	38	36	4.1	0.739947510877335	2.9	1.64084616597749	1.69	3.29	3.19	2.09	3.69	47
-0.11	38	36	4.1	0.739947510877335	2.9	1.64084616597749	2.29	2.69	2.69	4.39	2.39	58
-0.11	38	36	4.1	0.739947510877335	2.9	1.64084616597749	3.59	2.79	2.29	3.69	4.49	36
-0.11	38	36	4.1	0.739947510877335	2.9	1.64084616597749	1.69	4.49	2.29	0.59	4.79	36
-0.11	38	36	4.1	0.739947510877335	2.9	1.64084616597749	3.99	2.09	3.69	3.19	3.99	41
-0.11	38	36	4.1	0.739947510877335	2.9	1.64084616597749	2.99	2.19	1.49	2.69	0.89	33
-0.11	38	36	4.1	0.739947510877335	2.9	1.64084616597749	3.29	2.29	3.39	1.89	2.99	52
-0.04	39	41	4.9	1.90910356921748	1.4	0.219050378933476	3.06	3.16	3.66	2.56	1.96	67
-0.04	39	41	4.9	1.90910356921748	1.4	0.219050378933476	1.36	2.86	0.46	2.36	2.06	19
-0.04	39	41	4.9	1.90910356921748	1.4	0.219050378933476	3.16	3.06	2.76	2.46	1.66	35
-0.04	39	41	4.9	1.90910356921748	1.4	0.219050378933476	2.96	2.96	1.76	3.86	1.06	41
-0.04	39	41	4.9	1.90910356921748	1.4	0.219050378933476	2.46	3.36	4.36	2.06	1.36	48
-0.04	39	41	4.9	1.90910356921748	1.4	0.219050378933476	0.56	3.66	3.06	2.36	1.46	68
-0.04	39	41	4.9	1.90910356921748	1.4	0.219050378933476	1.36	3.46	2.46	1.66	1.76	46
-0.04	39	41	4.9	1.90910356921748	1.4	0.219050378933476	2.96	4.26	3.36	3.06	4.26	58
-0.04	39	41	4.9	1.90910356921748	1.4	0.219050378933476	3.26	3.96	4.76	2.66	1.06	51
-0.04	39	41	4.9	1.90910356921748	1.4	0.219050378933476	3.16	3.26	2.46	1.86	2.46	29
0.03	40	37	2.8	1.4438931609718	1.6	0.168065383884658	1.63	2.83	4.43	3.23	3.83	41
0.03	40	37	2.8	1.4438931609718	1.6	0.168065383884658	1.93	4.23	4.03	1.93	2.13	30
0.03	40	37	2.8	1.4438931609718	1.6	0.168065383884658	2.43	4.23	2.73	0.63	2.23	35
0.03	40	37	2.8	1.4438931609718	1.6	0.168065383884658	3.63	3.43	2.63	1.93	2.73	31
0.03	40	37	2.8	1.4438931609718	1.6	0.168065383884658	0.93	4.93	4.53	2.53	2.53	18
0.03	40	37	2.8	1.4438931609718	1.6	0.168065383884658	4.23	2.33	3.23	4.13	4.63	30
0.03	40	37	2.8	1.4438931609718	1.6	0.168065383884658	2.53	4.23	4.03	1.13	3.13	70
0.03	40	37	2.8	1.4438931609718	1.6	0.168065383884658	3.33	3.03	2.83	1.93	3.43	41
0.03	40	37	2.8	1.4438931609718	1.6	0.168065383884658	1.83	2.53	4.13	4.33	3.03	70
0.03	40	37	2.8	1.4438931609718	1.6	0.168065383884658	2.23	4.03	2.33	2.43	3.03	32
-0.06	41	32	2.2	0.701784335374711	2.1	1.16838387306909	2.44	3.84	3.34	1.74	1.54	52
-0.06	41	32	2.2	0.701784335374711	2.1	1.16838387306909	4.04	2.94	3.24	2.14	1.64	40
-0.06	41	32	2.2	0.701784335374711	2.1	1.16838387306909	4.04	2.34	2.54	3.34	2.84	38
-0.06	41	32	2.2	0.701784335374711	2.1	1.16838387306909	4.64	2.24	1.64	4.84	2.54	52
-0.06	41	32	2.2	0.701784335374711	2.1	1.16838387306909	1.74	2.24	3.34	1.34	4.14	70
-0.06	41	32	2.2	0.701784335374711	2.1	1.16838387306909	5.34	4.14	0.74	3.94	4.04	44
-0.06	41	32	2.2	0.701784335374711	2.1	1.16838387306909	2.04	3.04	1.44	3.74	2.54	52
-0.22	42	46	2.6	0.262197489402468	3.3	1.05418102337692	2.58	3.08	3.18	2.68	1.68	60
-0.22	42	46	2.6	0.262197489402468	3.3	1.05418102337692	5.18	1.58	2.68	5.48	4.38	19
-0.22	42	46	2.6	0.262197489402468	3.3	1.05418102337692	3.28	3.58	2.18	1.78	2.68	57
-0.22	42	46	2.6	0.262197489402468	3.3	1.05418102337692	1.88	2.78	3.38	2.68	2.98	68
-0.22	42	46	2.6	0.262197489402468	3.3	1.05418102337692	1.98	1.78	1.68	3.48	4.68	42
-0.22	42	46	2.6	0.262197489402468	3.3	1.05418102337692	2.68	3.18	1.08	3.88	4.68	56
-0.22	42	46	2.6	0.262197489402468	3.3	1.05418102337692	3.88	4.08	2.68	2.88	3.48	62
0.09	43	46	1	1.57214415914549	3.9	1.14526311038036	4.49	2.59	4.69	5.69	1.89	26
0.09	43	46	1	1.57214415914549	3.9	1.14526311038036	1.09	3.79	3.79	3.29	3.99	63
0.09	43	46	1	1.57214415914549	3.9	1.14526311038036	2.49	5.09	3.59	1.59	3.09	69
-0.08	44	43	1.7	1.51466765378175	1.7	0.577468001059557	1.72	3.12	2.52	1.52	4.42	36
-0.08	44	43	1.7	1.51466765378175	1.7	0.577468001059557	3.22	4.02	3.12	4.22	2.92	44
-0.08	44	43	1.7	1.51466765378175	1.7	0.577468001059557	2.92	4.42	2.62	3.02	3.02	59
-0.08	44	43	1.7	1.51466765378175	1.7	0.577468001059557	2.82	3.32	2.32	2.12	4.02	61
-0.08	44	43	1.7	1.51466765378175	1.7	0.577468001059557	2.72	3.32	2.72	3.12	2.42	40
-0.08	44	43	1.7	1.51466765378175	1.7	0.577468001059557	3.62	2.52	2.42	3.92	4.72	20
-0.08	44	43	1.7	1.51466765378175	1.7	0.577468001059557	1.62	3.22	4.22	1.22	1.02	69
-0.08	44	43	1.7	1.51466765378175	1.7	0.577468001059557	2.22	1.62	3.02	4.42	2.32	67
-0.08	44	43	1.7	1.51466765378175	1.7	0.577468001059557	2.22	3.32	3.42	2.52	1.42	51
-0.06	45	33	4.4	1.60153617357459	4.5	2.00248273029283	2.94	3.74	4.74	1.94	0.94	72
-0.06	45	33	4.4	1.60153617357459	4.5	2.00248273029283	1.84	1.84	3.14	1.34	3.94	55
-0.06	45	33	4.4	1.60153617357459	4.5	2.00248273029283	4.14	1.84	2.44	1.84	1.14	34
-0.06	45	33	4.4	1.60153617357459	4.5	2.00248273029283	4.04	1.94	4.34	2.14	2.84	62
-0.06	45	33	4.4	1.60153617357459	4.5	2.00248273029283	1.34	3.64	3.04	3.14	4.74	70
-0.06	45	33	4.4	1.60153617357459	4.5	2.00248273029283	4.44	2.34	2.04	1.54	1.14	67
-0.06	45	33	4.4	1.60153617357459	4.5	2.00248273029283	2.34	3.04	2.04	2.44	4.74	25
-0.06	45	33	4.4	1.60153617357459	4.5	2.00248273029283	2.14	2.44	3.44	2.74	4.04	21
-0.06	45	33	4.4	1.60153617357459	4.5	2.00248273029283	1.94	3.64	1.94	1.44	4.34	62
-0.06	45	33	4.4	1.60153617357459	4.5	2.00248273029283	1.74	2.54	4.54	2.74	1.84	64
0.15	46	32	1.9	0.530906522170303	3.8	0.066700870930183	2.25	4.35	2.35	2.75	2.45	63
0.15	46	32	1.9	0.530906522170303	3.8	0.066700870930183	2.05	3.05	2.95	3.65	2.95	69
0.15	46	32	1.9	0.530906522170303	3.8	0.066700870930183	4.65	3.55	2.85	4.85	3.05	43
-0.08	47	37	2	1.4617555849959	4	1.86685184470686	0.62	2.22	2.12	2.62	1.72	59
-0.08	47	37	2	1.4617555849959	4	1.86685184470686	3.22	3.82	2.42	2.82	4.02	50
-0.08	47	37	2	1.4617555849959	4	1.86685184470686	2.32	2.82	3.52	3.92	2.62	23
-0.08	47	37	2	1.4617555849959	4	1.86685184470686	2.02	3.12	0.62	3.12	3.12	63
-0.08	47	37	2	1.4617555849959	4	1.86685184470686	4.12	3.92	3.92	3.12	4.42	58
-0.08	47	37	2	1.4617555849959	4	1.86685184470686	5.42	2.72	1.22	4.22	3.82	66
0.08	48	48	1.3	0.687916772975828	1.6	1.35090268603071	2.58	3.88	4.38	4.08	2.68	22
0.08	48	48	1.3	0.687916772975828	1.6	1.35090268603071	3.98	2.48	2.88	1.48	3.38	25
0.08	48	48	1.3	0.687916772975828	1.6	1.35090268603071	1.18	2.98	3.08	3.58	4.88	36
0.08	48	48	1.3	0.687916772975828	1.6	1.35090268603071	1.58	2.88	3.48	3.58	5.08	32
0.08	48	48	1.3	0.687916772975828	1.6	1.35090268603071	3.68	5.78	2.78	1.88	1.58	32
0.08	48	48	1.3	0.687916772975828	1.6	1.35090268603071	2.08	3.38	5.18	1.98	2.18	60
0.08	48	48	1.3	0.687916772975828	1.6	1.35090268603071	4.28	3.28	1.58	3.58	4.38	27
0.08	48	48	1.3	0.687916772975828	1.6	1.35090268603071	3.08	2.68	4.98	3.98	5.08	50
0.08	48	48	1.3	0.687916772975828	1.6	1.35090268603071	3.38	2.88	2.78	2.48	3.78	55
-0.13	49	38	2	2.10010894052567	2.4	0.0209835863542375	3.27	3.27	2.67	2.77	4.77	58
-0.13	49	38	2	2.10010894052567	2.4	0.0209835863542375	0.57	4.97	2.27	3.27	0.97	34
-0.13	49	38	2	2.10010894052567	2.4	0.0209835863542375	2.17	2.97	2.37	3.57	1.87	40
-0.13	49	38	2	2.10010894052567	2.4	0.0209835863542375	0.87	3.57	5.27	1.27	1.87	29
-0.13	49	38	2	2.10010894052567	2.4	0.0209835863542375	3.77	1.77	1.97	0.97	4.67	59
-0.13	49	38	2	2.10010894052567	2.4	0.0209835863542375	3.77	4.67	3.17	4.57	4.77	58
-0.04	50	68	3.9	1.28703047603518	3.7	1.24991457096922	3.26	3.66	4.06	2.16	1.46	51
-0.04	50	68	3.9	1.28703047603518	3.7	1.24991457096922	3.06	3.46	3.26	2.36	4.46	46
-0.04	50	68	3.9	1.28703047603518	3.7	1.24991457096922	3.46	3.06	2.36	3.56	4.96	20
-0.04	50	68	3.9	1.28703047603518	3.7	1.24991457096922	2.66	3.06	3.66	2.26	4.36	58
-0.04	50	68	3.9	1.28703047603518	3.7	1.24991457096922	3.46	1.46	1.96	3.16	4.36	63
-0.04	50	68	3.9	1.28703047603518	3.7	1.24991457096922	4.56	1.86	3.06	3.56	2.46	21
-0.01	51	27	4.4	0.787738847475178	3.1	0.715242187222796	3.09	3.49	2.59	1.49	3.39	31
-0.12	52	47	3	0.76904224100091	2.4	0.752688968217742	1.78	3.88	3.28	2.78	1.48	68
-0.12	52	47	3	0.76904224100091	2.4	0.752688968217742	2.48	4.38	2.78	2.98	2.18	52
-0.12	52	47	3	0.76904224100091	2.4	0.752688968217742	2.78	2.88	3.38	3.88	4.58	61
-0.06	53	65	2.6	0.332202578950118	2	0.938538703606894	2.14	3.64	1.44	1.74	0.94	57
-0.06	53	65	2.6	0.332202578950118	2	0.938538703606894	2.54	2.74	3.94	1.84	4.44	28
-0.06	53	65	2.6	0.332202578950118	2	0.938538703606894	3.54	2.04	0.74	3.54	1.34	26
-0.06	53	65	2.6	0.332202578950118	2	0.938538703606894	1.04	2.64	2.54	2.54	1.64	29
-0.06	53	65	2.6	0.332202578950118	2	0.938538703606894	2.34	3.24	2.24	2.54	2.74	27
0	54	31	2	1.00837660827701	1.2	1.05251327933874	3.1	4.1	2.9	1.2	3.8	31
0.07	55	53	1.4	0.119452606630659	1.9	0.437159533180399	3.67	4.07	1.37	3.37	1.27	63
0.07	55	53	1.4	0.119452606630659	1.9	0.437159533180399	1.77	3.47	3.07	3.67	1.57	40
-0.17	56	35	2.6	0.280395335170247	4.6	0.331179172958982	3.13	1.93	2.43	2.93	4.23	35
-0.17	56	35	2.6	0.280395335170247	4.6	0.331179172958982	2.93	3.13	3.23	2.13	4.13	68
-0.17	56	35	2.6	0.280395335170247	4.6	0.331179172958982	2.73	4.13	2.23	3.53	4.43	35
-0.17	56	35	2.6	0.280395335170247	4.6	0.331179172958982	2.33	2.13	2.93	3.53	2.33	68
-0.03	57	31	3.3	0.56298953322048	4.2	2.01421049792072	3.27	2.67	2.77	3.57	4.37	68
0.08	58	63	1.9	0.372438756103829	4	0.211980433372292	0.98	1.78	2.08	2.78	1.68	68
0.08	58	63	1.9	0.372438756103829	4	0.211980433372292	2.78	1.08	3.18	1.08	2.28	47
0.08	58	63	1.9	0.372438756103829	4	0.211980433372292	2.98	2.48	3.68	1.88	2.68	50
0.08	58	63	1.9	0.372438756103829	4	0.211980433372292	1.88	3.48	4.78	2.38	3.18	32
0.08	58	63	1.9	0.372438756103829	4	0.211980433372292	3.68	2.28	3.48	3.88	3.38	39
0.08	58	63	1.9	0.372438756103829	4	0.211980433372292	1.08	2.88	4.88	2.28	2.28	53
0.08	58	63	1.9	0.372438756103829	4	0.211980433372292	4.08	3.28	3.48	3.68	2.48	38
-0.05	59	70	2.8	0.976973386685621	1.6	1.23667504641657	3.05	2.25	1.35	2.95	4.35	54
-0.05	59	70	2.8	0.976973386685621	1.6	1.23667504641657	1.35	1.75	2.45	3.05	2.35	67
0.02	60	44	1.9	0.374580857767014	1.5	2.03757401824044	1.72	3.22	4.02	3.12	4.22	21
0.05	61	58	3	1.05271146557933	4.9	1.30117599220059	2.25	3.15	3.25	3.05	2.55	67
0.05	61	58	3	1.05271146557933	4.9	1.30117599220059	4.15	2.35	4.15	3.85	3.25	57
0.05	61	58	3	1.05271146557933	4.9	1.30117599220059	2.95	2.55	2.65	5.15	4.25	32
0.05	61	58	3	1.05271146557933	4.9	1.30117599220059	3.25	3.45	2.15	2.75	3.85	35
0.03	62	30	2.4	1.04917700666607	2.7	0.756774763795962	2.13	4.33	2.03	2.93	3.83	53
0.07	63	44	3.6	1.26015524475811	2.9	1.72673039911433	4.87	2.57	2.17	1.77	1.57	57
0.07	63	44	3.6	1.26015524475811	2.9	1.72673039911433	1.67	1.27	3.57	3.57	4.37	40
-0.01	64	39	2.5	3.2410399349424	1.7	0.601506708006782	0.89	2.59	2.09	2.39	4.29	52
-0.01	64	39	2.5	3.2410399349424	1.7	0.601506708006782	2.09	4.39	2.19	3.29	1.19	45
-0.01	64	39	2.5	3.2410399349424	1.7	0.601506708006782	2.79	3.99	3.19	1.49	1.59	44
-0.01	64	39	2.5	3.2410399349424	1.7	0.601506708006782	4.09	3.49	3.29	1.99	3.59	65
-0.01	64	39	2.5	3.2410399349424	1.7	0.601506708006782	2.29	4.19	2.69	2.69	2.59	28
-0.01	64	39	2.5	3.2410399349424	1.7	0.601506708006782	3.09	2.59	2.09	1.79	1.69	59
-0.01	64	39	2.5	3.2410399349424	1.7	0.601506708006782	1.59	3.99	1.19	0.99	1.49	30
-0.01	64	39	2.5	3.2410399349424	1.7	0.601506708006782	2.09	3.29	3.39	3.49	1.49	26
-0.04	65	66	2.4	0.416857588160432	3.3	0.352046456582617	4.36	2.56	0.86	4.16	1.56	21
-0.04	65	66	2.4	0.416857588160432	3.3	0.352046456582617	2.66	2.16	3.46	1.56	1.66	18
-0.04	65	66	2.4	0.416857588160432	3.3	0.352046456582617	3.26	3.56	3.16	2.16	2.66	66
-0.04	65	66	2.4	0.416857588160432	3.3	0.352046456582617	4.46	2.36	2.16	3.66	2.56	34
-0.26	66	47	3.1	0.298227591540715	2.1	0.703523902756895	3.04	3.34	3.14	2.84	1.64	57
-0.26	66	47	3.1	0.298227591540715	2.1	0.703523902756895	2.84	1.04	2.84	3.04	1.54	68
-0.26	66	47	3.1	0.298227591540715	2.1	0.703523902756895	3.34	2.64	3.24	2.64	4.24	59
-0.26	66	47	3.1	0.298227591540715	2.1	0.703523902756895	3.04	4.24	2.44	2.74	1.94	36
-0.26	66	47	3.1	0.298227591540715	2.1	0.703523902756895	3.54	2.14	2.04	3.34	4.64	38
-0.01	67	66	4	0.636569674033849	1.9	0.105671334003774	3.29	1.89	3.69	3.49	4.79	70
-0.01	67	66	4	0.636569674033849	1.9	0.105671334003774	3.99	2.89	1.89	4.09	4.39	23
-0.01	67	66	4	0.636569674033849	1.9	0.105671334003774	3.79	3.49	1.59	3.59	2.39	56
-0.01	67	66	4	0.636569674033849	1.9	0.105671334003774	1.59	4.09	1.19	1.79	2.59	48
0.04	68	66	1.9	0.483780625708744	3.8	1.25864862806017	3.24	3.34	2.54	2.44	4.34	56
0.04	68	66	1.9	0.483780625708744	3.8	1.25864862806017	3.04	3.04	1.64	2.94	1.84	65
0.04	68	66	1.9	0.483780625708744	3.8	1.25864862806017	1.84	3.14	4.04	1.74	3.24	69
0.04	68	66	1.9	0.483780625708744	3.8	1.25864862806017	2.24	3.44	3.24	1.84	3.54	58
0.04	68	66	1.9	0.483780625708744	3.8	1.25864862806017	2.74	2.74	3.14	1.24	1.54	18
0.05	69	65	2.7	0.516862044313609	2.1	1.68443570809411	2.75	2.75	3.15	3.45	4.55	22
0.05	69	65	2.7	0.516862044313609	2.1	1.68443570809411	0.35	4.15	3.55	2.85	4.95	43
0.05	69	65	2.7	0.516862044313609	2.1	1.68443570809411	2.35	2.65	5.25	1.25	3.25	26
0.05	69	65	2.7	0.516862044313609	2.1	1.68443570809411	3.85	4.05	3.55	3.75	4.15	48
0.05	69	65	2.7	0.516862044313609	2.1	1.68443570809411	2.75	4.25	2.85	3.95	3.35	21
-0.06	70	47	2.1	0.368964527385086	4.2	0.911391291795963	2.64	2.44	3.14	3.44	3.84	19
-0.06	70	47	2.1	0.368964527385086	4.2	0.911391291795963	3.34	2.74	2.14	2.84	3.04	67
-0.06	70	47	2.1	0.368964527385086	4.2	0.911391291795963	3.74	3.24	3.74	1.84	4.64	49
0.18	71	63	3.5	0.215380507641693	1.4	0.237430272491026	2.98	3.08	3.98	3.18	1.78	58
0.18	71	63	3.5	0.215380507641693	1.4	0.237430272491026	1.98	2.18	2.08	1.78	3.48	38
0.18	71	63	3.5	0.215380507641693	1.4	0.237430272491026	2.78	2.38	2.98	3.28	1.38	56
0.18	71	63	3.5	0.215380507641693	1.4	0.237430272491026	0.78	5.08	4.18	1.98	3.68	21
0.03	72	56	1.7	0.0652930335253153	4.3	1.21810861032581	2.33	2.93	2.43	2.33	4.03	26
0.03	72	56	1.7	0.0652930335253153	4.3	1.21810861032581	2.03	4.83	3.23	1.53	2.83	63
0.01	73	61	4.5	0.034067253738464	2.7	1.33877428723497	0.61	3.91	3.01	1.01	3.51	21
0.01	73	61	4.5	0.034067253738464	2.7	1.33877428723497	4.51	0.61	2.81	5.01	3.51	54
0.01	73	61	4.5	0.034067253738464	2.7	1.33877428723497	2.21	3.01	3.11	2.31	1.41	70
0.01	73	61	4.5	0.034067253738464	2.7	1.33877428723497	2.51	2.51	2.51	2.51	3.01	70
0.13	74	25	4	2.12845189901618	4	0.6608202977898	2.83	3.13	4.33	3.03	4.43	31
0.13	74	25	4	2.12845189901618	4	0.6608202977898	4.93	1.83	3.03	4.23	2.43	23
0.13	74	25	4	2.12845189901618	4	0.6608202977898	2.83	2.43	2.33	2.13	2.83	71
0.13	74	25	4	2.12845189901618	4	0.6608202977898	3.73	4.03	2.83	3.53	3.13	36
0.13	74	25	4	2.12845189901618	4	0.6608202977898	3.53	1.53	0.23	4.03	3.33	68
0.13	74	25	4	2.12845189901618	4	0.6608202977898	2.73	3.93	2.23	2.53	1.43	62
0.13	74	25	4	2.12845189901618	4	0.6608202977898	3.23	3.23	3.53	1.53	2.43	40
-0.07	75	49	3.7	0.741336096272828	3.6	0.522912376313422	1.63	3.73	3.43	3.53	2.13	51
-0.07	75	49	3.7	0.741336096272828	3.6	0.522912376313422	4.53	4.13	2.33	2.13	4.33	30
-0.07	75	49	3.7	0.741336096272828	3.6	0.522912376313422	3.43	2.53	2.23	4.53	3.73	31
-0.07	75	49	3.7	0.741336096272828	3.6	0.522912376313422	2.53	4.33	3.53	4.63	4.03	65
-0.07	75	49	3.7	0.741336096272828	3.6	0.522912376313422	4.03	3.33	2.33	3.73	2.13	60
-0.07	75	49	3.7	0.741336096272828	3.6	0.522912376313422	2.03	2.43	2.93	3.23	3.53	19
-0.05	76	36	3.5	1.09599626707466	2.8	0.683745521850713	4.05	4.65	2.15	4.05	1.25	65
0.24	77	44	2.5	0.0377883991710788	3.5	0.0608219546600742	2.54	3.54	4.34	3.44	1.54	64
0.24	77	44	2.5	0.0377883991710788	3.5	0.0608219546600742	3.14	3.84	1.64	1.44	1.54	52
0.24	77	44	2.5	0.0377883991710788	3.5	0.0608219546600742	2.44	3.44	2.94	3.24	5.04	39
0.24	77	44	2.5	0.0377883991710788	3.5	0.0608219546600742	3.14	2.74	2.04	3.94	1.64	26
0.24	77	44	2.5	0.0377883991710788	3.5	0.0608219546600742	3.24	4.04	2.54	4.04	2.04	66
0.24	77	44	2.5	0.0377883991710788	3.5	0.0608219546600742	2.24	4.54	4.64	1.94	3.04	65
0.24	77	44	2.5	0.0377883991710788	3.5	0.0608219546600742	1.84	1.14	3.74	3.94	4.34	36
0	78	56	3.1	0.310480749443137	1	0.632960713031451	2.9	2.6	2.7	2.4	4.6	62
0	78	56	3.1	0.310480749443137	1	0.632960713031451	4.7	1.3	2.7	3.9	4.1	65
0	78	56	3.1	0.310480749443137	1	0.632960713031451	4.1	0.3	1.4	2.5	4.5	21
0	78	56	3.1	0.310480749443137	1	0.632960713031451	2.9	2.3	3.2	4.8	4.8	58
0	78	56	3.1	0.310480749443137	1	0.632960713031451	2.3	2.1	3.2	1.2	2.3	71
0	78	56	3.1	0.310480749443137	1	0.632960713031451	3.7	2.7	2.6	3.8	1.7	35
0	78	56	3.1	0.310480749443137	1	0.632960713031451	5.6	2.2	2.3	2.9	1.6	57
0	78	56	3.1	0.310480749443137	1	0.632960713031451	2.5	2	2.9	3.2	1.5	50
0	78	56	3.1	0.310480749443137	1	0.632960713031451	2.8	3	2.1	3.7	2.9	20
0.16	79	43	4.5	0.436523478910183	1.9	1.33551761505939	3.96	4.16	2.96	4.06	3.56	28
-0.14	80	31	3.3	0.458365332711106	3.8	0.00729009031689879	2.26	2.86	2.96	2.66	2.56	42
-0.14	80	31	3.3	0.458365332711106	3.8	0.00729009031689879	2.96	3.16	3.06	2.36	1.46	27
-0.14	80	31	3.3	0.458365332711106	3.8	0.00729009031689879	1.76	3.06	1.96	1.86	1.66	27
-0.14	80	31	3.3	0.458365332711106	3.8	0.00729009031689879	2.46	2.96	1.16	2.06	3.96	70
-0.14	80	31	3.3	0.458365332711106	3.8	0.00729009031689879	2.96	2.86	1.96	2.16	2.76	46
-0.14	80	31	3.3	0.458365332711106	3.8	0.00729009031689879	1.56	2.46	2.56	2.26	1.86	46
-0.14	80	31	3.3	0.458365332711106	3.8	0.00729009031689879	1.86	3.76	2.46	3.06	4.06	55
-0.02	81	37	4.4	1.06332613397119	1.9	1.01755863695209	1.98	3.48	3.18	3.38	2.88	39
-0.02	81	37	4.4	1.06332613397119	1.9	1.01755863695209	4.08	2.98	3.38	2.88	2.98	43
-0.02	81	37	4.4	1.06332613397119	1.9	1.01755863695209	4.68	2.78	2.98	4.38	1.18	48
0.04	82	58	2.2	1.26318517608949	4.3	1.18843403514798	4.44	2.34	1.54	3.74	2.24	30
0.04	82	58	2.2	1.26318517608949	4.3	1.18843403514798	3.04	3.24	1.14	2.84	2.64	65
0.04	82	58	2.2	1.26318517608949	4.3	1.18843403514798	0.84	4.24	3.24	1.84	1.64	41
0.04	82	58	2.2	1.26318517608949	4.3	1.18843403514798	2.64	2.54	4.74	1.04	2.54	35
0.04	82	58	2.2	1.26318517608949	4.3	1.18843403514798	1.94	2.44	4.74	2.54	2.14	40
0.04	82	58	2.2	1.26318517608949	4.3	1.18843403514798	1.84	2.84	2.64	1.34	4.84	26
0.04	82	58	2.2	1.26318517608949	4.3	1.18843403514798	2.24	2.04	2.34	3.04	2.04	52
0.04	82	58	2.2	1.26318517608949	4.3	1.18843403514798	1.94	4.14	2.64	1.94	3.94	60
0.04	82	58	2.2	1.26318517608949	4.3	1.18843403514798	4.44	0.74	3.64	3.44	1.34	67
0.04	82	58	2.2	1.26318517608949	4.3	1.18843403514798	2.54	2.54	0.44	3.64	2.54	51
0.03	83	46	3.8	0.349650387953555	2.2	0.721604440436015	3.13	4.03	3.23	2.43	3.73	35
0.03	83	46	3.8	0.349650387953555	2.2	0.721604440436015	5.43	0.53	1.93	2.13	2.73	53
0.03	83	46	3.8	0.349650387953555	2.2	0.721604440436015	2.83	2.83	3.03	4.23	4.03	37
0.03	83	46	3.8	0.349650387953555	2.2	0.721604440436015	2.53	2.73	2.93	1.73	2.73	65
0.03	83	46	3.8	0.349650387953555	2.2	0.721604440436015	3.63	4.23	1.73	2.33	3.43	40
-0.1	84	64	2.1	0.865512862653374	3.8	1.51921771138818	4.2	2	1.6	3.1	1.6	62
-0.1	84	64	2.1	0.865512862653374	3.8	1.51921771138818	0.4	3.2	4.7	1.2	1.9	55
0	85	30	3.4	0.236279568941097	4.7	0.377387973023929	3.2	3	1.9	4.3	4.1	68
-0.11	86	47	2.9	0.197175894348552	1.5	2.05222282043373	2.89	2.79	2.59	3.39	2.09	41
-0.11	86	47	2.9	0.197175894348552	1.5	2.05222282043373	3.99	3.09	1.89	4.09	2.99	41
-0.11	86	47	2.9	0.197175894348552	1.5	2.05222282043373	3.99	2.39	4.09	3.09	3.29	39
-0.11	86	47	2.9	0.197175894348552	1.5	2.05222282043373	3.59	2.49	2.19	5.09	3.49	49
-0.11	86	47	2.9	0.197175894348552	1.5	2.05222282043373	4.59	1.09	3.79	4.99	4.69	38
-0.11	86	47	2.9	0.197175894348552	1.5	2.05222282043373	3.19	1.79	2.69	3.59	1.99	38
-0.11	86	47	2.9	0.197175894348552	1.5	2.05222282043373	4.69	2.29	2.09	3.39	1.99	35
-0.11	86	47	2.9	0.197175894348552	1.5	2.05222282043373	4.59	2.89	1.59	3.79	1.89	52
0.07	87	74	2.1	1.10992028971364	1.5	1.36403745208238	2.07	3.87	3.17	3.77	5.07	51
0.07	87	74	2.1	1.10992028971364	1.5	1.36403745208238	1.67	3.07	4.47	2.57	4.27	40
0.07	87	74	2.1	1.10992028971364	1.5	1.36403745208238	4.67	3.07	1.97	2.17	2.07	72
0.07	87	74	2.1	1.10992028971364	1.5	1.36403745208238	3.37	2.77	2.97	2.57	4.07	42
0.07	87	74	2.1	1.10992028971364	1.5	1.36403745208238	2.57	2.77	2.97	1.97	2.97	19
0.07	87	74	2.1	1.10992028971364	1.5	1.36403745208238	2.97	3.57	1.97	4.07	1.17	19
0.11	88	70	3.3	0.0847372921971965	3.7	0.200781015589121	1.91	3.51	3.41	2.71	3.01	30
0.11	88	70	3.3	0.0847372921971965	3.7	0.200781015589121	2.41	5.51	2.61	2.31	4.51	71
0.11	88	70	3.3	0.0847372921971965	3.7	0.200781015589121	2.41	4.11	3.61	1.71	4.21	42
0.11	88	70	3.3	0.0847372921971965	3.7	0.200781015589121	2.61	1.91	3.81	3.31	2.61	35
0.11	88	70	3.3	0.0847372921971965	3.7	0.200781015589121	5.21	2.01	3.31	4.41	5.01	64
-0.22	89	69	4.7	0.754053785184522	2.7	0.865779404334488	2.08	2.78	5.18	2.88	3.68	42
-0.22	89	69	4.7	0.754053785184522	2.7	0.865779404334488	3.58	2.18	1.98	3.38	2.48	56
-0.22	89	69	4.7	0.754053785184522	2.7	0.865779404334488	2.68	2.78	2.98	2.28	3.98	42
-0.22	89	69	4.7	0.754053785184522	2.7	0.865779404334488	2.78	2.98	0.88	1.28	2.28	54
-0.22	89	69	4.7	0.754053785184522	2.7	0.865779404334488	1.48	4.58	2.28	1.48	2.28	46
-0.22	89	69	4.7	0.754053785184522	2.7	0.865779404334488	4.08	1.58	3.48	2.78	3.48	67
0.12	90	34	4.6	0.499292017172261	4.3	0.101883255715222	4.92	2.62	1.72	3.72	4.92	27
0.12	90	34	4.6	0.499292017172261	4.3	0.101883255715222	3.12	1.52	2.62	2.72	2.32	72
0.12	90	34	4.6	0.499292017172261	4.3	0.101883255715222	2.02	3.82	2.02	2.72	1.12	60
0.12	90	34	4.6	0.499292017172261	4.3	0.101883255715222	4.12	5.02	2.42	2.42	1.92	46
0.12	90	34	4.6	0.499292017172261	4.3	0.101883255715222	3.52	3.12	2.92	3.12	4.12	20
0.12	90	34	4.6	0.499292017172261	4.3	0.101883255715222	2.72	2.62	4.52	3.82	3.62	33
0.12	90	34	4.6	0.499292017172261	4.3	0.101883255715222	1.92	3.42	3.72	3.32	3.12	24
0.12	90	34	4.6	0.499292017172261	4.3	0.101883255715222	3.22	4.62	2.62	3.32	1.22	57
0.12	90	34	4.6	0.499292017172261	4.3	0.101883255715222	2.62	2.72	2.72	4.42	1.32	40
-0.12	91	32	2.1	0.214445309581601	4.9	0.624187472020653	2.38	4.48	2.38	2.98	4.78	63
-0.12	91	32	2.1	0.214445309581601	4.9	0.624187472020653	1.08	3.48	4.18	2.58	3.88	52
-0.12	91	32	2.1	0.214445309581601	4.9	0.624187472020653	3.68	3.28	2.08	4.98	1.98	30
-0.12	91	32	2.1	0.214445309581601	4.9	0.624187472020653	1.48	3.68	4.78	1.08	2.88	37
-0.12	91	32	2.1	0.214445309581601	4.9	0.624187472020653	2.48	3.58	2.28	1.88	4.78	26
-0.12	91	32	2.1	0.214445309581601	4.9	0.624187472020653	2.28	4.28	2.18	1.58	3.18	41
-0.12	91	32	2.1	0.214445309581601	4.9	0.624187472020653	3.68	2.68	3.78	3.88	1.18	60
-0.12	91	32	2.1	0.214445309581601	4.9	0.624187472020653	2.68	3.18	3.88	2.48	1.08	67
-0.12	91	32	2.1	0.214445309581601	4.9	0.624187472020653	2.38	4.88	3.48	2.48	4.48	63
0.05	92	58	2.3	0.324685911490835	1.3	0.959005377787825	1.05	5.85	3.15	2.45	3.25	49
0.05	92	58	2.3	0.324685911490835	1.3	0.959005377787825	6.65	1.95	2.15	4.55	3.65	45
0.07	93	42	4.9	0.0945835281735714	2.8	1.67105482886294	1.07	2.67	2.77	2.57	2.07	24
0.07	93	42	4.9	0.0945835281735714	2.8	1.67105482886294	2.37	4.27	4.37	2.47	4.47	44
0.07	93	42	4.9	0.0945835281735714	2.8	1.67105482886294	2.97	2.77	4.07	1.67	5.07	55
-0.02	94	58	3.5	0.895363357977542	3.8	0.0560167332749619	4.58	1.98	3.38	3.38	4.58	35
-0.02	94	58	3.5	0.895363357977542	3.8	0.0560167332749619	2.68	2.68	2.38	2.98	4.08	23
-0.02	94	58	3.5	0.895363357977542	3.8	0.0560167332749619	4.38	4.58	2.68	2.48	4.18	70
-0.06	95	41	4.7	1.31080153332797	1.3	0.051981906180899	3.34	2.84	1.34	4.14	4.44	48
-0.06	95	41	4.7	1.31080153332797	1.3	0.051981906180899	0.84	3.94	3.74	2.24	2.94	37
-0.06	95	41	4.7	1.31080153332797	1.3	0.051981906180899	2.54	2.24	3.54	2.84	4.04	47
-0.06	95	41	4.7	1.31080153332797	1.3	0.051981906180899	1.74	1.84	1.34	3.34	2.94	51
-0.06	95	41	4.7	1.31080153332797	1.3	0.051981906180899	1.04	2.64	2.34	3.24	1.24	31
0.02	96	34	2.9	1.99721338474797	5	1.75323735914227	2.12	2.12	3.22	3.52	3.82	33
0.02	96	34	2.9	1.99721338474797	5	1.75323735914227	1.82	3.02	3.82	3.02	4.92	21
0.04	97	64	2.6	0.600708823672418	2	0.0993275940878275	2.54	4.04	4.04	3.54	2.64	56
0.04	97	64	2.6	0.600708823672418	2	0.0993275940878275	2.74	3.84	2.54	2.44	3.04	40
0.04	97	64	2.6	0.600708823672418	2	0.0993275940878275	1.14	3.34	2.44	3.74	1.24	33
0.04	97	64	2.6	0.600708823672418	2	0.0993275940878275	2.94	2.44	3.44	2.04	4.54	56
0.04	97	64	2.6	0.600708823672418	2	0.0993275940878275	2.34	4.24	3.34	3.14	2.04	30
0.04	97	64	2.6	0.600708823672418	2	0.0993275940878275	4.94	2.04	4.44	1.74	2.84	34
0.04	97	64	2.6	0.600708823672418	2	0.0993275940878275	0.14	4.14	3.64	2.64	1.94	66
0.04	97	64	2.6	0.600708823672418	2	0.0993275940878275	4.14	3.34	3.24	1.74	4.74	45
0.09	98	30	3.6	1.25127136162494	1.2	0.571850057895563	3.29	5.39	4.09	2.19	2.99	53
0.09	98	30	3.6	1.25127136162494	1.2	0.571850057895563	3.39	3.69	0.59	3.69	2.19	52
0.09	98	30	3.6	1.25127136162494	1.2	0.571850057895563	2.69	5.79	4.59	2.89	1.89	21
0.09	98	30	3.6	1.25127136162494	1.2	0.571850057895563	1.29	5.09	3.39	3.99	3.99	44
0.09	98	30	3.6	1.25127136162494	1.2	0.571850057895563	3.09	3.79	4.79	2.39	2.79	52
-0.21	99	48	1.6	0.611165916680421	3.7	0.974009582804091	3.19	1.89	1.99	1.49	4.69	40
-0.21	99	48	1.6	0.611165916680421	3.7	0.974009582804091	2.49	3.19	2.39	2.89	1.29	41
-0.21	99	48	1.6	0.611165916680421	3.7	0.974009582804091	3.09	1.49	2.19	3.59	3.19	47
-0.21	99	48	1.6	0.611165916680421	3.7	0.974009582804091	2.19	2.39	2.19	1.59	3.59	55
-0.21	99	48	1.6	0.611165916680421	3.7	0.974009582804091	2.39	2.09	2.69	1.49	2.89	71
-0.16	100	51	3.3	1.18548008459731	4.1	0.17990623104754	2.44	2.54	2.14	2.94	3.74	52
-0.16	100	51	3.3	1.18548008459731	4.1	0.17990623104754	2.24	2.64	4.04	1.94	0.94	58
