1	39	3.4	-0.710406563699301	4.9	-0.375602871669773	1.1	0.0522678275824845	1.1	-0.461038338884354	3	-1.06184814499819	3.6	-0.774144929605405	-3.60677302127454
1	39	3.4	-0.710406563699301	4.9	-0.375602871669773	4.4	0.610881351412349	2.7	2.41677335378821	4.6	-0.221675857514925	4.2	0.845731540189296	3.44770095250586
1	39	3.4	-0.710406563699301	4.9	-0.375602871669773	2.3	-0.29379674245447	4.5	-1.65104889568819	1.1	0.39459154753128	2.8	-1.26068287881878	-4.10094640479923
1	39	3.4	-0.710406563699301	4.9	-0.375602871669773	3.5	-2.67971620144009	3.6	-0.463987242966015	1.8	0.889426834252152	1.8	-0.354542403073978	-3.180828448597
1	39	3.4	-0.710406563699301	4.9	-0.375602871669773	3.2	-1.23784442439589	4.7	0.825379862759242	3.1	0.868717272505358	1.1	-0.0735560191364783	0.0986872563631546
1	39	3.4	-0.710406563699301	4.9	-0.375602871669773	2.5	0.576568612062135	1.7	0.510132546878664	1.9	-0.672041822034764	2.1	-1.16865142442436	-1.6280015228874
1	39	3.4	-0.710406563699301	4.9	-0.375602871669773	1.7	1.13589058889151	2.3	-0.589481038515	3.3	-0.234575048392488	4.7	-0.634748264908909	-1.68892319829396
1	39	3.4	-0.710406563699301	4.9	-0.375602871669773	2.7	0.69414178644642	4.2	-0.996780742207522	2.9	0.872793003562187	4.7	-0.0288415529283144	-0.642696940496304
1	39	3.4	-0.710406563699301	4.9	-0.375602871669773	3.5	0.286571167370336	5	0.144475704710697	3.3	0.913336235741666	3.2	0.67069596873393	1.43506964118755
2	64	2.3	0.25688370915653	1.5	-0.561876363549783	3.8	0.227291921672942	2.9	-1.29744268539028	3.9	-0.190516802042901	4.4	1.41227303726522	0.623612817111721
2	64	2.3	0.25688370915653	1.5	-0.561876363549783	2.5	0.492228570064431	3.9	0.632084077293897	3	0.378423903636832	3.7	-1.04248380763086	0.482260088971044
2	64	2.3	0.25688370915653	1.5	-0.561876363549783	4.5	0.267835015331683	3.7	-1.17534240351409	2.7	0.300038545205798	1.1	1.57697064483284	2.05550914746298
2	64	2.3	0.25688370915653	1.5	-0.561876363549783	4.1	0.653257679471382	3.3	-0.634870988608997	4.8	-1.00563625951084	3.8	-0.530960490382553	-0.664202713424258
2	64	2.3	0.25688370915653	1.5	-0.561876363549783	1.6	-0.12270866097738	3.8	-2.35827900227998	1.5	0.0192592746253708	4.6	-0.762498349572948	-3.95021939259819
2	64	2.3	0.25688370915653	1.5	-0.561876363549783	2.2	-0.41367651359212	3.6	-1.1261803392736	1.3	-1.07742065311198	3.5	0.695567484441173	-2.28370267592979
2	64	2.3	0.25688370915653	1.5	-0.561876363549783	1.5	-2.64314895202898	2.2	0.601957820133724	4.6	0.712703325244282	1.4	0.11688092964263	-0.675599531401596
3	45	3	-0.246691878462374	4.6	-0.343917234128459	1.1	0.0283652968955762	4.4	0.740900011274274	3.2	-0.186809154298316	1	-1.08999187241124	-0.842144831130536
3	45	3	-0.246691878462374	4.6	-0.343917234128459	2.5	1.30095042457446	3.8	1.72426223915645	1.6	-0.12667223392621	2.4	-0.873071000417463	1.5228603167964
3	45	3	-0.246691878462374	4.6	-0.343917234128459	1.2	-1.46520978445502	3.7	0.0651539325793032	4.8	-1.0804184971534	2.7	-1.35807905937061	-4.14916252099056
3	45	3	-0.246691878462374	4.6	-0.343917234128459	4.2	-1.62389961241158	2.4	1.12500274582817	1.2	0.174956962699779	2.8	0.181847192619832	-0.266701823854631
3	45	3	-0.246691878462374	4.6	-0.343917234128459	4.7	0.192296879480312	3.2	1.97541905401908	2.5	-1.19099574453476	3.8	0.164840867918466	1.21095194429226
3	45	3	-0.246691878462374	4.6	-0.343917234128459	3.2	1.74452014115278	1.5	-0.281482115038967	4.9	-0.0542463402016272	4.7	0.364114687355063	1.72629726067642
3	45	3	-0.246691878462374	4.6	-0.343917234128459	4.4	0.0788130386743389	4.1	-1.32295111275522	3.6	-1.68466564785367	3.5	0.552157714218558	-2.13525512030682
3	45	3	-0.246691878462374	4.6	-0.343917234128459	3.3	-0.468948476832358	4.5	-0.239351567138116	1.2	-0.614603067141116	4.6	-0.601892845985016	-2.72140506968744
3	45	3	-0.246691878462374	4.6	-0.343917234128459	3.7	-1.72883299077252	1.8	-0.214041239985383	2.6	0.367083316303046	4	-0.993698591098714	-2.7920986181444
4	69	4.8	-0.347542599397733	3.3	0.0904966471392212	2.9	-0.409914409450415	2.6	0.138752680160935	3.9	-2.22299064967437	3.9	0.562611271402568	-1.8085870598198
4	69	4.8	-0.347542599397733	3.3	0.0904966471392212	4.1	0.0175415999307585	4.2	0.108581792970824	2.8	2.43800304736905	3.9	-1.09908545146023	1.69599503655189
4	69	4.8	-0.347542599397733	3.3	0.0904966471392212	2.2	0.751041104181558	2.3	-1.12503011694665	3.1	0.941265109153265	1.7	0.155948422552235	0.9221785666819
4	69	4.8	-0.347542599397733	3.3	0.0904966471392212	1.3	0.362371123883872	3.3	0.120595490248261	2	0.0989492985484653	2.2	1.03178717583634	1.20265713625842
4	69	4.8	-0.347542599397733	3.3	0.0904966471392212	2.8	-0.585148869922501	2.8	0.149817934531201	1.3	-0.593450388589234	2.5	0.843324031843457	-0.336503244395589
4	69	4.8	-0.347542599397733	3.3	0.0904966471392212	2.8	0.815959482557957	2.1	-0.131398341214782	2.6	-0.695294936493959	1.3	0.32901483330337	0.681235085894074
5	72	2.9	-0.951618567265016	2.6	1.59850877114583	2.3	-1.89063391323163	3.5	-0.782201845619403	2.9	1.53632108718855	3.3	0.532989286826481	0.282364819044807
5	72	2.9	-0.951618567265016	2.6	1.59850877114583	2.7	-0.0498362513499345	2.2	1.1107114182028	2.6	0.17273148468859	1.5	0.586735339092625	3.15223219451489
5	72	2.9	-0.951618567265016	2.6	1.59850877114583	4	-1.41179149425687	1.8	0.249824719926563	2.2	-0.867603806860364	3.3	-0.30174666386638	-1.04142704117624
5	72	2.9	-0.951618567265016	2.6	1.59850877114583	2.1	-1.12915468743076	4.2	1.65191539162316	2	-0.485903222095447	3.2	0.079501995328401	0.76824968130617
5	72	2.9	-0.951618567265016	2.6	1.59850877114583	1.5	0.696999800300055	3.9	-1.45897072853692	2.7	-1.5715221940296	4.3	0.961264151809677	-0.974338766575975
6	27	4.6	-0.0450277248089203	2.8	-0.088565112138884	4.8	0.673253863354836	2.6	0.34484993567197	1.4	-1.5160676231511	4.8	0.224218284646071	-0.0973383764260266
6	27	4.6	-0.0450277248089203	2.8	-0.088565112138884	1.9	0.0721667524147558	2.6	-0.804607044451837	4.9	0.790385343888228	1.2	-1.71560394326086	-0.931251728357521
6	27	4.6	-0.0450277248089203	2.8	-0.088565112138884	2.6	-1.50775731753668	3.6	1.10855609175578	2.5	-0.210734180691776	3	0.53522775997324	0.00169951655276396
6	27	4.6	-0.0450277248089203	2.8	-0.088565112138884	3.5	0.0261002253262418	4.7	-1.10307916147855	4.4	-0.656742925361075	1.9	-0.492539468023071	-1.30185416648426
6	27	4.6	-0.0450277248089203	2.8	-0.088565112138884	3.5	-0.316415868196993	1.9	0.801130423445661	4.5	-1.41202579265831	4.4	-0.46282727659992	-0.889731350957365
6	27	4.6	-0.0450277248089203	2.8	-0.088565112138884	2.3	-0.102346513520598	3.2	0.238550624318608	3	-0.299762496646272	3.1	-0.150356069229079	-0.239507292025145
6	27	4.6	-0.0450277248089203	2.8	-0.088565112138884	1.6	-1.18155922705569	3.9	0.138501859733327	3.9	-0.849061135016708	1	-0.584970419289677	-2.02668175857655
6	27	4.6	-0.0450277248089203	2.8	-0.088565112138884	4.7	0.498658043829925	2.6	0.726280300399404	2.9	-0.397030520327837	2.1	-1.72650819651571	0.0878067904379826
6	27	4.6	-0.0450277248089203	2.8	-0.088565112138884	3.4	-1.03895644030703	1.4	-0.858995725048814	5	-1.2175999877636	2.3	0.604024958665981	-1.51112003140127
7	51	4.7	-0.784904469457076	3.8	1.08079949615152	1	-0.678503145418437	4.5	1.0484328670222	2.2	0.107190407016153	4.1	-0.366204011075224	-0.226188855760866
7	51	4.7	-0.784904469457076	3.8	1.08079949615152	1.6	-1.85557165391804	3.2	0.693805851787089	4.1	0.60877901173463	2	-0.29400111344167	-0.178092877143551
7	51	4.7	-0.784904469457076	3.8	1.08079949615152	4.5	0.533259362753652	4	-0.595067986495002	3.9	-1.45082431349063	3.2	-0.0231226329453793	-0.292860543482919
7	51	4.7	-0.784904469457076	3.8	1.08079949615152	1.3	0.310230256060895	3.5	0.123841943194451	4.4	0.480625599875217	1.1	0.36239938438596	2.08999221021096
7	51	4.7	-0.784904469457076	3.8	1.08079949615152	2	-1.3538343357226	2.2	0.0375220919632395	3.3	-0.828174270396797	4.2	-0.466714382745476	-2.40230587020719
7	51	4.7	-0.784904469457076	3.8	1.08079949615152	4.9	-1.94295641358195	2.6	0.0659032328715531	1.1	1.02025301216443	2.4	0.298513610239572	0.432608468388045
7	51	4.7	-0.784904469457076	3.8	1.08079949615152	3.3	-0.116302517158606	1.8	1.0283512146811	2.9	0.538482032102641	4.7	-0.952708146838338	0.924717609481239
8	70	3.4	-1.66794193658814	1.3	0.630754115650567	2.2	-0.550223741489138	2	-0.727383529087535	2.5	1.18718681065156	2.8	-0.728219111191288	-1.54382739205398
8	70	3.4	-1.66794193658814	1.3	0.630754115650567	2.8	0.0912673834882354	3	-0.996838982378005	4.8	1.19160126851033	4.2	-1.54044240529001	-1.63960055660702
8	70	3.4	-1.66794193658814	1.3	0.630754115650567	2.5	-1.9617075988853	3.6	-1.04168885898951	1.1	-0.78896321811123	3.7	-0.693094614010595	-5.61264211093421
8	70	3.4	-1.66794193658814	1.3	0.630754115650567	2	-1.11989972139762	1.6	-0.414588726363674	3.4	-1.54777654363757	2.9	0.118849433004561	-3.58060337933188
8	70	3.4	-1.66794193658814	1.3	0.630754115650567	3.6	-1.32775547560413	4.3	-0.239029068152564	2.9	2.45806049186527	1.2	-1.36470945798691	-0.424621330815897
8	70	3.4	-1.66794193658814	1.3	0.630754115650567	4.8	-0.853623696727242	2.7	0.483617533838269	2.4	-0.162421942479419	1.9	0.589982679367313	0.258366753061352
9	53	2.6	-0.380226520287762	2.4	-0.113639895506141	1.6	0.748081162493843	4.7	0.843446866104346	3	0.00168368848420991	4.4	-0.878199539104302	0.0531457621841948
9	53	2.6	-0.380226520287762	2.4	-0.113639895506141	1.7	1.06109525326174	2.7	-0.301308334130191	4	0.250247821348331	1.5	1.09747131611723	2.29563964080321
9	53	2.6	-0.380226520287762	2.4	-0.113639895506141	3.9	-0.212848278646528	4.5	1.08784150806942	4	0.563867390305883	4.8	-1.09103843590312	0.499955768031755
9	53	2.6	-0.380226520287762	2.4	-0.113639895506141	3.4	-0.0936367939110456	2.2	0.0409348202966876	1.3	0.189426237514811	4	-0.0929755311982482	-0.288117683091699
9	53	2.6	-0.380226520287762	2.4	-0.113639895506141	2.2	-0.0867141349819251	4.2	0.286535251716294	2.8	-0.732853806297125	4.2	-1.5095832048651	-2.51448231022176
10	48	1.6	0.918996609060766	3.7	-1.5329020028906	3.9	0.711601922486244	1.1	0.885334026804996	3.2	-0.120393824622494	3.8	-2.19892721386174	-0.610290483022829
10	48	1.6	0.918996609060766	3.7	-1.5329020028906	2.9	0.990262246044231	1	-0.838911116902177	3.3	1.01283433584425	1.1	-0.205951561984694	1.33232850917178
10	48	1.6	0.918996609060766	3.7	-1.5329020028906	5	2.38292669523033	5	-0.157181940104775	2.7	-0.2014581469715	3.9	-0.772889844069663	1.49549137025456
10	48	1.6	0.918996609060766	3.7	-1.5329020028906	4.4	0.664415863694087	4.1	2.25723497722318	2.7	-2.0376824944408	2.7	0.509409292532353	1.71547224517899
10	48	1.6	0.918996609060766	3.7	-1.5329020028906	4.3	0.207381157385307	2.3	-0.736823178152903	3.4	-0.195889248829828	3.9	-0.216650710731638	-0.713887374158895
11	73	4.7	-0.575346962608392	2.3	-0.52111731755252	2.5	-0.73262780355557	2.9	-1.66792804577932	2.3	0.132932125512687	2.1	-1.61777376538123	-4.62286176936434
12	48	2.2	0.607964322225033	4.3	-0.489870453138474	4.9	1.87786402105219	3	-0.264520685700686	2.3	0.474911714034054	2.6	2.33271944293544	5.52106836140756
13	59	1.2	-1.61788270828916	1.9	0.0471544327615272	4.3	0.797380500549836	3.6	-0.658010207949479	1.2	-0.194152409320457	2.4	-0.5973300913628	-1.41884048361054
13	59	1.2	-1.61788270828916	1.9	0.0471544327615272	1.9	-1.95820517465693	3.4	0.855202205064192	4.1	1.21458879448256	2.5	0.78945985279018	-0.0216825978476285
13	59	1.2	-1.61788270828916	1.9	0.0471544327615272	3	-1.88632515873255	2.3	1.15293622555862	2.9	-0.921516042869578	1.1	1.51649060169196	-0.669142649879187
13	59	1.2	-1.61788270828916	1.9	0.0471544327615272	1.7	-0.653779824760103	1.3	0.276274556543337	4.4	-1.20844272044307	3.1	-0.191774809109942	-2.77845107329741
13	59	1.2	-1.61788270828916	1.9	0.0471544327615272	1.5	0.394394847980585	3.4	0.144104662462187	3.3	-1.22898617755381	1.5	0.283878906352351	-1.40933603628633
13	59	1.2	-1.61788270828916	1.9	0.0471544327615272	4.6	-0.913566048164992	1.7	-0.075625080779838	1.7	0.742297024186518	4.5	-1.75106751939608	-2.95668989968203
13	59	1.2	-1.61788270828916	1.9	0.0471544327615272	1.4	0.886749037096059	4	2.16141584630279	3.4	-0.082919942339226	1.3	-0.818669777519803	1.16184688801218
13	59	1.2	-1.61788270828916	1.9	0.0471544327615272	4.5	0.333369970155182	2.2	0.276315532135793	4.6	0.789817921820499	4.1	0.0562148493828386	1.11698999796668
13	59	1.2	-1.61788270828916	1.9	0.0471544327615272	2.1	-0.17063961823861	3.6	-0.158294028699944	4.2	-0.267706421557085	4.4	0.299086903336152	-1.52428144068712
13	59	1.2	-1.61788270828916	1.9	0.0471544327615272	1.1	0.81882813653178	1.5	-2.50791780219725	3	-0.591892102212813	1.1	-0.759398117298882	-4.10510816070481
14	54	4.8	-0.0555619655245394	3	1.30019867766682	2.3	0.0642435566300379	2	1.00646766850453	1.3	1.01645521770216	2.1	1.14314697262626	4.54495012760527
14	54	4.8	-0.0555619655245394	3	1.30019867766682	2.3	0.649791867153518	4.5	0.392570508620148	2.8	-1.15616739425985	1.3	1.60381108959682	3.21464278325291
14	54	4.8	-0.0555619655245394	3	1.30019867766682	1.1	-0.0260186347739953	4.4	-0.88619325007169	4.7	2.32086022399448	1.3	0.0317421291434197	3.18702718043449
15	30	3.9	0.519407203943462	2.1	2.29307897383109	2.5	0.77198227429415	4.7	0.875489834954129	1	-0.335325216076547	2.6	-2.09325651907051	2.04637655187577
15	30	3.9	0.519407203943462	2.1	2.29307897383109	3.2	0.40044460992892	4.5	1.04528329090324	4.3	0.92972665283347	2.8	-0.0104415615275756	6.02649916991261
15	30	3.9	0.519407203943462	2.1	2.29307897383109	2.3	-0.851851243178311	3.4	1.86461561608793	4.1	0.312910943310577	4.7	2.41134607807914	6.7305075720739
15	30	3.9	0.519407203943462	2.1	2.29307897383109	1.3	-0.133894846619547	2.2	-2.55140740828412	4.7	-0.000204296956602809	3.7	-0.396805699509807	-0.0448260735955204
16	70	1.6	0.301153362166714	1.8	1.54758105898377	3.7	0.256261119405186	2.9	0.562041390099052	3.7	-1.80996001143888	4.8	-1.01411417266147	0.486962746554363
16	70	1.6	0.301153362166714	1.8	1.54758105898377	3.6	-0.105843223304544	1.6	-1.11641641193354	4.4	0.978923572056562	3.4	-0.79131387881947	1.87408447914949
16	70	1.6	0.301153362166714	1.8	1.54758105898377	1.6	-0.659082128218953	2.1	1.82853045813536	2	-0.433877949292008	3	0.299593684739564	2.93389848651445
17	37	3.2	0.105676194148943	4.8	-0.133150964328944	4.4	0.246565286729562	2.8	2.57544976372339	1.2	0.738222266892377	2.3	1.59336995138365	5.72213249854898
17	37	3.2	0.105676194148943	4.8	-0.133150964328944	3.1	0.493827611532899	3.4	-1.18528881058722	4.5	0.00186018765586471	3.6	-0.414015863042303	-0.537091644620765
17	37	3.2	0.105676194148943	4.8	-0.133150964328944	2.1	-0.0855064444415492	1	0.100919859012857	3.9	-0.813119872948782	2.3	-0.212150532081949	-0.555331760639425
18	27	4.8	-0.640706008305376	2.3	-1.75652739555764	1.1	1.31782088371148	3.3	-0.761241941592442	4.7	1.04908662655933	3.2	0.146017566646804	-0.459550268537842
18	27	4.8	-0.640706008305376	2.3	-1.75652739555764	3.6	-0.0954875904449924	3.8	1.2071160988788	2.7	-0.359975117943057	5	0.933384481351514	-0.546195532020752
18	27	4.8	-0.640706008305376	2.3	-1.75652739555764	1.9	0.196278045472469	1.4	0.447529832761294	1.5	-1.68591645453874	2	0.0898024701853826	-3.28553950998261
18	27	4.8	-0.640706008305376	2.3	-1.75652739555764	4	2.48799787722146	4.5	0.904211258568778	4.7	-0.844583428535954	3.9	-0.600888252771857	0.441504050619415
18	27	4.8	-0.640706008305376	2.3	-1.75652739555764	2.2	0.431098928114991	3	-0.332790557094147	2.4	-0.457760533240508	4.9	1.13512284546201	-1.89956272062067
19	41	3.3	-0.849704346033582	2.9	-0.388779864071744	3.9	0.32806058981887	2.5	-0.158175005896921	3.7	-0.650613545173789	2	-1.70176499505564	-2.29997716641281
19	41	3.3	-0.849704346033582	2.9	-0.388779864071744	3.6	-1.38996309796674	3.1	-1.77760737259437	1.3	0.71756884525546	1.5	0.173108751289466	-2.87637708412151
19	41	3.3	-0.849704346033582	2.9	-0.388779864071744	3.5	0.487631879146409	1.3	-0.990523973513076	4.3	-0.618965336307604	1.9	1.16485511268094	-0.0304865280986539
19	41	3.3	-0.849704346033582	2.9	-0.388779864071744	1.2	-1.05413798393701	3.2	0.862973460833522	1.5	-0.064924982739643	2.5	0.10635540690151	-1.63121830904694
19	41	3.3	-0.849704346033582	2.9	-0.388779864071744	3.3	-0.0339711367503879	4.8	0.68962183713068	3.6	0.756582303486169	2.4	0.37957697779787	1.34832577155901
19	41	3.3	-0.849704346033582	2.9	-0.388779864071744	3.3	-0.00224353823435529	3.1	-0.556463009453688	4.4	-1.01422951482189	2.2	-0.46312500390824	-2.2455452765235
20	73	2.6	-1.02412879060491	1.1	0.0892072230732945	1.8	0.454577809057738	2.7	-0.122511337887164	2	-0.0899751970156634	4.4	-1.00873074753089	-1.89156104090759
21	69	3.6	0.117646597100126	3.2	0.845013004067436	2.2	-0.0179802405766626	5	-0.21124691863215	4.7	1.65354723467773	4.3	0.0549119698396297	2.70989164647611
21	69	3.6	0.117646597100126	3.2	0.845013004067436	4	-0.132175132856735	2.8	0.187051146554012	4.6	1.41527634991914	4.7	1.82218882183542	5.0070007866194
21	69	3.6	0.117646597100126	3.2	0.845013004067436	2.6	-2.54934277475043	5	0.227542728568814	4.3	0.41995160381423	1.5	-1.02234732857525	-1.09353616977508
21	69	3.6	0.117646597100126	3.2	0.845013004067436	2.8	1.04057345571938	1.8	-1.26190046286905	1.8	0.721220807112894	4.7	0.6061302614356	1.92068366256638
21	69	3.6	0.117646597100126	3.2	0.845013004067436	1.6	0.24972573598519	1.4	0.285589580242562	1.2	-1.19693521218868	3.4	-0.0889305674506675	-0.147890862244038
21	69	3.6	0.117646597100126	3.2	0.845013004067436	1.6	2.41620737314833	2	1.7492473631418	2.9	0.300131566881373	2.6	-0.260832243833924	5.29541366050514
21	69	3.6	0.117646597100126	3.2	0.845013004067436	1.6	0.685198238051097	3.7	-0.164090004134803	3.4	-0.954448935187822	3.7	0.464091233852381	0.967410133748415
21	69	3.6	0.117646597100126	3.2	0.845013004067436	3.1	-0.446959308961992	3.3	-0.162926710698454	1.4	-0.458018068096944	4.1	-1.02040059068393	-1.17364507727376
22	60	2.3	-0.947474614184802	3.6	0.962527968484271	1.1	1.75175714975545	2.7	0.578284241481403	2.1	0.0545532458119923	4.7	-0.778173172087116	1.0464748192612
22	60	2.3	-0.947474614184802	3.6	0.962527968484271	2.2	0.0557647746125201	4.9	-0.828798943428294	1.8	0.716331619499123	3.6	-1.9673480115395	-2.13799720655668
22	60	2.3	-0.947474614184802	3.6	0.962527968484271	4	0.331434398227886	3.7	0.984326617758417	3	0.557730982054603	2.1	0.0600273613468234	2.9235727136872
23	57	2.2	-0.490557443700668	3.4	0.684309429416465	1.7	0.535137960496205	4.9	-1.02362358887971	3.7	0.915992057940211	2.1	0.825149727768283	1.86440814304078
23	57	2.2	-0.490557443700668	3.4	0.684309429416465	2.5	-0.371944875163495	1.5	-0.891521574354298	1.7	0.800622356509767	3.5	-0.0701942243053587	-0.293286331597589
23	57	2.2	-0.490557443700668	3.4	0.684309429416465	1.6	-1.02554224849711	3.5	0.918341171021649	3.7	-0.936569034135793	4.3	-0.453646374057015	-1.32766449995248
23	57	2.2	-0.490557443700668	3.4	0.684309429416465	1.6	-0.582401674605252	3.8	-0.45270064650823	4.7	-1.40078743399573	1.2	1.57530770683748	0.123169937444068
23	57	2.2	-0.490557443700668	3.4	0.684309429416465	3.7	0.342888392897331	3.4	-1.74837228000318	4.4	0.160277539993178	5	-2.00545781823625	-2.44891217963312
23	57	2.2	-0.490557443700668	3.4	0.684309429416465	3.2	-0.450934647056651	5	1.76990410988936	4.1	-0.273962374775183	1.1	-0.643194791593663	1.74156428217965
23	57	2.2	-0.490557443700668	3.4	0.684309429416465	2.9	0.51423012023069	1.2	-2.37740692539252	3.7	-0.985539112562296	1.7	-1.43684344365778	-3.15980737566611
23	57	2.2	-0.490557443700668	3.4	0.684309429416465	4.2	-0.334338052169782	5	0.572811529859585	3.4	0.0839306795150329	2.3	1.39531343894608	2.97746958186671
23	57	2.2	-0.490557443700668	3.4	0.684309429416465	4.8	-0.105559908794475	4	1.01724924908461	2.6	-1.31999652648691	4.4	-0.190703432644857	0.280741366874168
23	57	2.2	-0.490557443700668	3.4	0.684309429416465	3.1	-0.730509672807828	2.7	-0.630967866660535	1.5	0.161226351326199	1.7	-0.524671199469671	-1.00917040189604
24	75	1.9	-0.256092192198247	2.3	-1.39527434979947	4.9	-0.0500372678876282	2.3	-0.718453517603737	2.4	-1.56842462075497	3.8	1.09017613583202	-1.98710581241203
25	58	2.5	1.84386200523221	4.6	0.849643045633355	3.7	-1.02298384214794	4.8	-0.35893656058468	3.5	-0.846896388820319	2.9	0.591061909411507	1.78875016872413
25	58	2.5	1.84386200523221	4.6	0.849643045633355	1.1	-0.693414663276185	2.8	-0.329038830421669	3.2	1.19707766374608	4.6	0.173104873492955	2.63423409440675
25	58	2.5	1.84386200523221	4.6	0.849643045633355	1.7	-0.767989573092782	2.8	0.0692364778530165	1.9	-0.548627361103323	1.7	1.39978335621251	2.93890795073498
25	58	2.5	1.84386200523221	4.6	0.849643045633355	4.6	1.29904996668359	1.2	0.0969042337010548	4.6	0.303045695225451	3.5	0.117459584626988	5.68496453110265
26	60	4.9	-0.651949901695459	3.5	-0.446557216427222	1.8	0.510273251139431	2.9	-0.11522170942195	1.1	0.348834970176593	1.4	1.48240271845861	1.09478211223
26	60	4.9	-0.651949901695459	3.5	-0.446557216427222	3.3	-0.333120901223949	1.9	-0.650512618774529	1.8	0.761639507646859	4.8	0.385154823687235	-1.03834630678707
27	52	1.6	0.235386572284857	2.2	0.174802700161256	1.3	-0.0885068641416958	2	0.564337011632418	3.3	-0.0732077117936612	1	-1.08204444705421	0.328767261088968
27	52	1.6	0.235386572284857	2.2	0.174802700161256	3.3	0.929428134399647	1.9	1.25732498956591	4.5	-0.682172428054132	4.9	0.821643865839939	3.39641383419748
27	52	1.6	0.235386572284857	2.2	0.174802700161256	2.5	0.612747398755675	2.7	-0.634592834803082	2.6	-0.084889299376333	2.5	0.555426470536912	1.36288100755928
27	52	1.6	0.235386572284857	2.2	0.174802700161256	2.8	-1.50417392151865	3.2	0.424232788027996	1.8	1.58243402104677	4.9	-2.32202741693886	-1.46534525693664
28	55	1.4	0.0779608495637108	2.6	0.0745511771737346	4.7	0.113510074665354	4.7	-0.747929970916306	1.6	-1.27750059095589	4.3	0.268102869997785	-0.941305590471614
28	55	1.4	0.0779608495637108	2.6	0.0745511771737346	5	1.28789062211632	4.2	0.63023982965398	1	-0.164941404465841	2.3	-1.23043092542384	1.60527014861806
28	55	1.4	0.0779608495637108	2.6	0.0745511771737346	1.8	0.278565105199499	2.2	1.09666163310355	4.5	-0.414581737624283	2.5	-0.136136872184964	1.64702015523125
29	39	1.6	-0.961856634130129	1.6	0.428166764970506	2.6	0.419583039296359	3.6	-1.28613164677264	1.6	0.548774960444283	1.5	0.345096720401332	0.0456332042097097
29	39	1.6	-0.961856634130129	1.6	0.428166764970506	1.1	-0.992928349756011	2.8	-1.67122788786873	1.9	1.40468429454756	2	-0.919759738371518	-2.63492155060832
29	39	1.6	-0.961856634130129	1.6	0.428166764970506	4	-2.16454708532897	1.8	-0.940377247318525	3.5	0.387083119576395	3.9	1.78311081665491	-0.560420265575814
29	39	1.6	-0.961856634130129	1.6	0.428166764970506	1.3	-0.63756876508045	3.4	0.223232661640596	2	1.05170127017537	3.5	-1.42171189639136	-1.47203659881546
29	39	1.6	-0.961856634130129	1.6	0.428166764970506	3.1	-0.390635251474806	4.9	-0.0136658379792966	3.8	0.622905462337194	2.8	1.64218336197998	2.18309786570345
29	39	1.6	-0.961856634130129	1.6	0.428166764970506	1.5	0.85678547377811	1.8	-0.957878105251745	4	0.433620389808855	3.5	0.124236888180545	0.261074777356141
29	39	1.6	-0.961856634130129	1.6	0.428166764970506	3.7	-1.10375213599883	2.7	-0.466852087582371	2	0.386084438184412	3.1	0.00112331300114884	-1.05708634155526
29	39	1.6	-0.961856634130129	1.6	0.428166764970506	1.2	1.1612892557387	2.4	-0.495868570644674	3.3	1.29132330445808	2.3	-1.32897592269806	0.430078197694423
29	39	1.6	-0.961856634130129	1.6	0.428166764970506	4.2	0.398362715628605	1.1	-0.660371433555135	4.7	-1.00225987371065	4.1	0.779726615450189	0.163768154653382
30	32	3.8	-0.0713080861235987	4.5	0.0246749828261399	1.6	-0.109037509169232	2.8	0.926885841307693	1.6	0.11553210425956	1.5	-0.421998576118089	0.448748756982473
30	32	3.8	-0.0713080861235987	4.5	0.0246749828261399	3.9	0.229395495708467	2.7	0.0811430999574115	2.9	0.324825313348747	1.6	-0.24742509974211	1.25730570597506
30	32	3.8	-0.0713080861235987	4.5	0.0246749828261399	4	0.0488888906792862	2.9	-0.114458509745484	3.3	-0.870577245260919	3.6	0.644151150048481	0.283371182423905
30	32	3.8	-0.0713080861235987	4.5	0.0246749828261399	3.6	0.94322446838622	4.3	-1.86499802002922	4.7	-0.0517182128948834	1.7	0.218513364859556	0.332388497024215
30	32	3.8	-0.0713080861235987	4.5	0.0246749828261399	4.6	-0.109317123186431	1	-1.42195715265349	4.3	0.908447698792251	3.7	1.52490474086339	1.87544506051825
30	32	3.8	-0.0713080861235987	4.5	0.0246749828261399	2.6	-0.0703769215878276	2.2	0.710841370103194	3.1	-0.749725786852189	3	-1.02404671030395	-0.883941151938231
30	32	3.8	-0.0713080861235987	4.5	0.0246749828261399	4.8	-0.484319087565665	1.3	-1.29481396756187	2.5	-0.321606069887961	4	0.519500645145293	-0.973871583167665
31	73	3.5	1.44455085842335	4.8	-1.66747509758566	1.9	-0.0829309595961911	2	-0.701804433538609	2.8	-1.90217702203491	5	-0.863004246007877	-4.1458409003399
31	73	3.5	1.44455085842335	4.8	-1.66747509758566	1.7	-1.29149582790165	3.3	-0.35119622955654	1.5	1.05386673938074	1.8	0.304042035028136	-0.58670752221163
31	73	3.5	1.44455085842335	4.8	-1.66747509758566	2.3	0.292763360353247	1.3	-1.7271210366452	1.1	-0.139730367559827	2.3	-0.146427487847921	-1.98243977086201
31	73	3.5	1.44455085842335	4.8	-1.66747509758566	1.2	-0.0979093921838044	4.2	-0.736578232271872	1.7	-0.380597979114341	1.5	-1.4335621799108	-3.01857202264314
31	73	3.5	1.44455085842335	4.8	-1.66747509758566	3.7	1.59774603514018	4.5	0.622409782886114	4.2	1.47619746411709	3.3	-0.790607785722698	3.41982125725837
31	73	3.5	1.44455085842335	4.8	-1.66747509758566	4	-0.925654687802906	4.6	-0.29071598924087	1.6	0.610727338389523	3.6	0.885112455057677	0.30154487724111
31	73	3.5	1.44455085842335	4.8	-1.66747509758566	2	0.840684899832981	1	-0.214211534183077	1.3	1.55685695685373	5	0.903076085954568	2.24048216929589
32	70	4.6	0.451504053079215	3.3	0.736495964773442	3	-0.00358030839978085	1.3	1.32470407017108	2.2	0.408488504840148	4.9	-1.25393822302953	1.56967406143458
33	60	3.7	0.0412329219929399	2.3	0.386026568349676	4.5	-0.171112652264859	1.4	-0.93889591970583	3.7	0.557245746378939	1.5	1.05724021270968	2.37073687746055
33	60	3.7	0.0412329219929399	2.3	0.386026568349676	4.6	1.30526153634768	1.1	0.62896499251984	2.2	0.639356491970517	2.2	1.27907258320933	5.31491509438999
33	60	3.7	0.0412329219929399	2.3	0.386026568349676	4.1	0.876096109595914	4.6	-1.2621945493896	3.7	-1.96866155667422	2.2	0.787676725359233	-0.0248237807660613
33	60	3.7	0.0412329219929399	2.3	0.386026568349676	1.7	0.463796141567798	4.2	-0.551870413272792	2.5	-0.148816361359868	3.9	-1.22240338257699	-1.20903452529924
33	60	3.7	0.0412329219929399	2.3	0.386026568349676	1.5	0.477114245376879	1.3	-1.18279950678248	3.7	0.112463812551901	1.6	0.451952116736654	0.806990158225572
33	60	3.7	0.0412329219929399	2.3	0.386026568349676	1.5	-0.491405300209402	1.4	0.62066355772895	2.7	0.72467620264776	4.9	1.15044918638092	2.09064313689084
34	65	3.9	-0.422496832339625	5	-0.265651625278222	3.6	-1.08611824061135	2.3	1.61114313058128	1.5	-0.280676279713793	1.5	-0.787139055454674	-0.691938902816384
34	65	3.9	-0.422496832339625	5	-0.265651625278222	2.1	-0.665302795560156	4.6	-0.287230187073964	1.2	0.0650680194921931	2.5	-0.311468199533551	-2.10408162029333
34	65	3.9	-0.422496832339625	5	-0.265651625278222	4.6	0.714848355949339	3.4	0.943733420499344	5	0.578589291608515	4.2	0.162434812041788	2.68845742248114
35	26	3.1	-2.05324722154052	1.9	0.118144511046681	2.5	-0.150209374167699	4.8	-0.239846663632191	4.1	0.368377328533257	3	1.3979152254961	0.046133805735635
35	26	3.1	-2.05324722154052	1.9	0.118144511046681	4.3	1.0403770193407	2.1	1.48442693258801	3.6	-2.16841774734701	3.8	-1.70788764098908	-2.34760414690122
35	26	3.1	-2.05324722154052	1.9	0.118144511046681	3.1	0.292558684946182	3	0.661382168228696	4.7	0.65980437689272	4.7	1.04822439665192	1.32786691622568
35	26	3.1	-2.05324722154052	1.9	0.118144511046681	4	0.668751399439465	1.1	-0.81527923349627	1	-0.45391373338119	3.4	1.66494265050798	-0.441601627423846
35	26	3.1	-2.05324722154052	1.9	0.118144511046681	4.4	-0.594177641624222	4.2	-0.435736845963954	2.5	-0.694936825234894	2.1	-0.951796988321436	-3.56475101163834
36	49	3.6	1.13133721341418	3.5	0.134038645368463	3.8	-0.0347420615312984	3.9	0.849695891082609	2.2	0.510097928228489	4.7	0.762651146326369	3.52507876288881
36	49	3.6	1.13133721341418	3.5	0.134038645368463	3.6	1.85057170361062	2.1	1.33438358533495	3.9	0.868793270244154	3.5	0.421147173037333	6.4682715910097
37	63	4.3	-1.46064007092482	1.4	0.221019468561002	3.4	0.729560360957694	3.8	-1.32709227683555	4.8	0.423645045572257	2.7	-1.08949912857503	-1.43800660124444
38	36	4.1	0.739947510877335	2.9	1.64084616597749	4	-0.341594845521238	2.5	-0.830108574326988	2.5	1.09064461000821	1.3	-0.967031902668912	2.3437029643459
39	41	4.9	1.90910356921748	1.4	-0.219050378933476	3.7	-1.85169172955149	3	-0.87564721557351	4.8	2.12721355249353	2.5	-1.38353226490256	0.887395532749973
39	41	4.9	1.90910356921748	1.4	-0.219050378933476	1.1	-0.112863239428975	2.8	1.50759890515409	2.5	0.366114382931719	4.8	1.25330648167576	4.1892097206166
39	41	4.9	1.90910356921748	1.4	-0.219050378933476	2.9	1.32106926722152	4.9	-0.495779696499702	3.5	-0.874781377193686	3.8	-1.86877498525899	0.154786398553141
39	41	4.9	1.90910356921748	1.4	-0.219050378933476	1.2	0.662254296934641	1.6	0.415155078731483	1.7	1.02447486299323	2.7	-1.20866781370606	2.3822696152373
39	41	4.9	1.90910356921748	1.4	-0.219050378933476	3.5	0.441383198353638	4.3	-0.401393174312767	3.6	0.90475889369531	2.6	0.581415658221514	4.0512177662417
39	41	4.9	1.90910356921748	1.4	-0.219050378933476	4.5	1.18374591227984	1.1	-0.573408816863958	3.9	-0.238248695902827	1.8	0.343689122321403	3.82483071211847
39	41	4.9	1.90910356921748	1.4	-0.219050378933476	1.8	-0.771501441100894	4.1	-1.09379754408244	3	-1.55785490387231	4	0.868671037885344	-0.935429660886293
39	41	4.9	1.90910356921748	1.4	-0.219050378933476	2.1	0.729689191352037	1.9	-1.49758452506021	4.5	0.761309895393914	2.8	-0.946241132556424	1.34022661941332
39	41	4.9	1.90910356921748	1.4	-0.219050378933476	4.5	-0.58708561577886	1.5	0.468076228743125	4.3	1.12914439564163	2.8	-1.60897528668651	2.38221291220339
40	37	2.8	-1.4438931609718	1.6	0.168065383884658	2.7	0.575389510742782	4.9	1.76202090344287	3.7	-1.83633253427202	4.2	-0.307556909596359	-0.70630680676987
41	32	2.2	0.701784335374711	2.1	1.16838387306909	2.7	-0.183858310546053	4.1	-1.31237063765106	2.6	1.57785197879348	1.2	-0.911704549939624	1.81208668910055
41	32	2.2	0.701784335374711	2.1	1.16838387306909	4.4	0.163761406846557	3.8	-0.703491364781007	3.3	-0.0619226576195498	1.2	2.09403216959931	4.79054776248911
41	32	2.2	0.701784335374711	2.1	1.16838387306909	4.2	0.216936344144384	4.5	-0.571229356467886	1.3	0.613922964193686	2.8	0.560787086651399	3.32458524696539
42	46	2.6	-0.262197489402468	3.3	1.05418102337692	4.3	0.424378794934342	3.1	-1.15122133494359	2	-1.58499126820987	1.8	0.440298941965411	-0.139551332279255
42	46	2.6	-0.262197489402468	3.3	1.05418102337692	1.5	-1.11254531995509	4.6	0.914752241002756	2.2	0.819628137503742	2.6	-0.792611650757683	0.57120694176818
42	46	2.6	-0.262197489402468	3.3	1.05418102337692	4.3	-1.05107322618156	3.8	0.238071491562714	1.9	0.192369646744246	4.2	0.282310214545467	0.87966166064532
42	46	2.6	-0.262197489402468	3.3	1.05418102337692	2	0.525412448266355	2.7	-0.239067759454706	1.5	0.207171974217929	1.9	-0.740690522190153	0.682809674813876
42	46	2.6	-0.262197489402468	3.3	1.05418102337692	1.4	-0.686024000093054	2.2	0.0692353265457363	2.1	-0.0433473543476873	1.3	-0.52334168268403	-0.183494176604584
42	46	2.6	-0.262197489402468	3.3	1.05418102337692	1.7	0.993479982122214	4.9	1.32590834259925	4.7	-0.51016044142411	4.1	1.76936591702701	4.57457733429881
43	46	1	-1.57214415914549	3.9	1.14526311038036	1.1	0.35637496415547	4.1	-0.289023270462573	2.7	-0.260900471341173	3.9	-1.60083999637529	-2.4972698227887
43	46	1	-1.57214415914549	3.9	1.14526311038036	4.4	-0.492675054959878	1	0.656513410579383	1.2	-0.309691499554117	2.1	-0.00581771387999253	0.257448093420265
43	46	1	-1.57214415914549	3.9	1.14526311038036	3.2	0.703719429026786	3.1	-0.453997700638682	5	-2.4458000956737	3.7	0.899355675856713	-0.849603740194014
43	46	1	-1.57214415914549	3.9	1.14526311038036	2.4	0.489588111419432	4.2	-0.593864562445098	3.5	-1.44703190791828	2.2	1.03192255652607	-0.334266851183001
43	46	1	-1.57214415914549	3.9	1.14526311038036	2.3	1.32098528205102	1.8	-1.71037966639463	4.4	0.217377801055258	3.3	0.0951327044554184	0.0862350724019383
44	43	1.7	-1.51466765378175	1.7	-0.577468001059557	5	0.665089888867002	3.6	-0.390374082006742	4.8	-0.970663243001122	3.1	-0.826547225636788	-2.03363031661896
44	43	1.7	-1.51466765378175	1.7	-0.577468001059557	4.7	-2.58913827173722	1.4	1.36909984619857	2.7	-1.29234618965186	4	0.0345276713215226	-3.63499259871029
44	43	1.7	-1.51466765378175	1.7	-0.577468001059557	4.1	-0.243916928810955	4.9	1.11627285824003	4.7	-0.862704018145023	3.5	0.888073700912057	-0.00941004264520373
44	43	1.7	-1.51466765378175	1.7	-0.577468001059557	4.4	-1.10596230515273	4.5	-0.898021203467497	1.4	-2.16186578433121	1.8	-1.93994015479026	-7.234925102583
44	43	1.7	-1.51466765378175	1.7	-0.577468001059557	4.7	1.28073736898872	2.1	0.427866487609647	4.5	1.36807697371797	3	1.02320175527412	3.48874693074916
44	43	1.7	-1.51466765378175	1.7	-0.577468001059557	3.4	0.0161116500683734	2.7	-1.22844456851225	2	-0.496839842986629	1.2	0.00545772658802192	-2.85685068968379
44	43	1.7	-1.51466765378175	1.7	-0.577468001059557	2.5	-0.673630486079592	2.4	-0.475615024211179	2.1	0.156374466968547	4.1	0.569778969605829	-2.4002277285577
45	33	4.4	-1.60153617357459	4.5	2.00248273029283	4.3	1.04389134830903	4.4	0.885438686541604	3.6	0.829573979321121	1.8	0.982587621654954	5.21443819254494
45	33	4.4	-1.60153617357459	4.5	2.00248273029283	2	1.02817404739542	2.7	-0.208710697181354	4.7	-0.338701983664306	4.8	0.262201452542942	1.17990937581093
45	33	4.4	-1.60153617357459	4.5	2.00248273029283	3.1	0.435090459248337	2.9	-1.46930033449533	3.3	1.26103493646465	1	-0.634201635556077	0.835569982379814
45	33	4.4	-1.60153617357459	4.5	2.00248273029283	2.3	1.60421218162388	4.1	-0.035339602614525	3.6	-0.808755144962193	4.6	-1.08804618858342	-0.00898219781801268
45	33	4.4	-1.60153617357459	4.5	2.00248273029283	1.4	-0.515411199745366	2	0.299901447634676	2.7	0.625351520866631	1.4	-0.933016121135821	0.0277722043383564
46	32	1.9	-0.530906522170303	3.8	0.066700870930183	3.8	0.0110562160088231	1.6	0.660417892603326	2	-0.979392321110017	4.8	0.548210901207562	0.00108703746957441
46	32	1.9	-0.530906522170303	3.8	0.066700870930183	3.8	-0.780546273083158	1.6	-0.276088030591913	1.1	0.32099407018977	2.9	-1.52223018222137	-2.29707606694679
46	32	1.9	-0.530906522170303	3.8	0.066700870930183	2.1	-0.701100582591231	3.3	0.312822141160533	2.2	-0.911871154915908	3.5	1.02867725829217	-0.754677989294553
46	32	1.9	-0.530906522170303	3.8	0.066700870930183	2.2	-0.759364866959847	5	-0.685749517865365	1.3	1.32086542799529	2.2	0.78919370350058	0.257739095430541
46	32	1.9	-0.530906522170303	3.8	0.066700870930183	2.7	-0.170259904288204	3.1	2.2682044574342	2	-0.144698552735577	2.6	0.340937594233374	2.13497794340368
46	32	1.9	-0.530906522170303	3.8	0.066700870930183	2.5	-0.656285845780814	1.5	-1.69216052474421	1.6	-0.971004514227246	2.8	-1.49436668321537	-5.12102321920775
46	32	1.9	-0.530906522170303	3.8	0.066700870930183	4.6	0.157544234171495	1.7	0.587837513953497	2.5	-0.264070799284226	2.1	-0.225543593292903	0.894561704307744
46	32	1.9	-0.530906522170303	3.8	0.066700870930183	3.1	1.09341476021905	4.1	0.0664078579585463	1.6	0.738310452349204	4.9	-0.307737024391494	0.99119039489519
46	32	1.9	-0.530906522170303	3.8	0.066700870930183	3.4	0.301042430907239	3.6	-1.40465612395269	3.3	0.332374615278397	4.5	0.177667082062769	-0.6727776469444
46	32	1.9	-0.530906522170303	3.8	0.066700870930183	3	-0.558489387860383	3.2	-0.342797535216825	3.2	-0.344086141446805	4.2	-2.22566342246916	-3.62224213823329
47	37	2	-1.4617555849959	4	1.86685184470686	3.7	-0.882772780951931	3.7	-0.743256141429252	2.9	-0.142742628152678	4.1	-1.06800486773328	-1.97568015855618
47	37	2	-1.4617555849959	4	1.86685184470686	2.5	0.18685186832247	4.2	-0.0657840518699871	4.4	0.448182395318111	1.6	1.56581433705846	3.42616080854002
47	37	2	-1.4617555849959	4	1.86685184470686	3.3	-0.16363905132643	2.6	1.93975599193716	3	1.93783854165727	1.4	-1.03480801098526	4.0022437309937
47	37	2	-1.4617555849959	4	1.86685184470686	1.6	-0.0883055807864825	4.4	0.482739008175833	1.1	1.93048278756525	3.1	0.16451870850584	2.54653118317141
47	37	2	-1.4617555849959	4	1.86685184470686	2	0.63591745934829	1.8	-2.04447707255807	2.8	0.63757638396926	1.8	0.151832330355081	0.209945360825519
47	37	2	-1.4617555849959	4	1.86685184470686	2.3	0.996137609718672	3	1.42345912865025	2.9	0.378542277256257	3.9	0.121670301966854	3.41490557730299
47	37	2	-1.4617555849959	4	1.86685184470686	3.9	1.08672979960286	1.5	0.540502660915081	3.4	2.64417154358987	3	-0.210424583643468	5.3460756801753
48	48	1.3	0.687916772975828	1.6	-1.35090268603071	4.8	-1.28936418822322	4.6	-0.548031009569496	1.7	-1.40454586110179	3.5	-0.848822909422216	-3.92674988137161
48	48	1.3	0.687916772975828	1.6	-1.35090268603071	1.6	-0.654568638113246	3.3	0.305963725677191	3.1	0.289933728895764	4.8	-0.0368490496220457	-0.84550614621722
48	48	1.3	0.687916772975828	1.6	-1.35090268603071	3.2	-0.0573241038477797	4.8	-0.722769968512034	3.3	-0.535553582293745	2.5	-0.44476352115048	-1.56039708885892
49	38	2	2.10010894052567	2.4	0.0209835863542375	4.5	0.209208082437128	1.4	1.49682170962802	1.8	0.309046645446821	1.3	1.69010697003056	7.00427593442244
49	38	2	2.10010894052567	2.4	0.0209835863542375	2.9	0.432491426153216	1.4	0.159370441160762	1.9	0.870434029844877	4.1	-0.158030705178362	3.5833577188604
50	68	3.9	-1.28703047603518	3.7	1.24991457096922	1.1	0.697185864462733	1.6	-0.125199978688284	1.7	-1.3767184649888	3	0.554143932569381	-0.666704551710938
50	68	3.9	-1.28703047603518	3.7	1.24991457096922	2.4	-0.210961608915881	3.7	0.928662738846683	1.4	-1.07039524157763	3	0.203663965116151	-0.277146051596644
50	68	3.9	-1.28703047603518	3.7	1.24991457096922	1.5	1.54108549756465	4.7	0.868339647698772	3.5	-0.986740931414114	2.1	-1.79913645176587	-0.194568142982527
50	68	3.9	-1.28703047603518	3.7	1.24991457096922	2.3	0.284831959663024	1.6	-0.849174603633478	4.1	0.536586184187835	4.7	1.08295568079775	1.13908331594917
50	68	3.9	-1.28703047603518	3.7	1.24991457096922	2.9	0.321961376081378	4.5	-0.386636454475566	1.2	-0.445206583919381	3.7	-0.350853615046856	-1.03485118242639
51	27	4.4	0.787738847475178	3.1	-0.715242187222796	2.7	-0.126778159792303	1.5	-0.557643627318445	4.7	1.16321454390236	3.3	-0.581883686869775	0.623405730174221
51	27	4.4	0.787738847475178	3.1	-0.715242187222796	1.6	1.05920687266615	1.5	1.48811992838316	1.3	1.66152394534788	3.8	0.555204061863422	4.380551468513
52	47	3	0.76904224100091	2.4	-0.752688968217742	5	-1.55782224848511	4.6	-0.151031579052044	3.8	-1.03978254140354	4.5	0.188849315056629	-1.5694337811009
52	47	3	0.76904224100091	2.4	-0.752688968217742	1.3	0.741500892086244	1.2	-0.0937232337608719	1.1	1.03102518166676	1.9	0.101939134905212	1.70909524768051
52	47	3	0.76904224100091	2.4	-0.752688968217742	1.1	-0.77908574126392	4.5	-0.280740054504004	1.8	-0.0941478383696331	1.2	0.698135808858598	-0.373484552495791
52	47	3	0.76904224100091	2.4	-0.752688968217742	3.3	0.505861498830513	1.5	0.734098736497243	3.1	0.141807459220448	3.8	-0.827014556190432	1.09710641114094
52	47	3	0.76904224100091	2.4	-0.752688968217742	3.4	0.90755170601785	2.6	1.53732753549595	1.6	1.2222367014564	3	-0.195898856066376	3.88157035968699
52	47	3	0.76904224100091	2.4	-0.752688968217742	1	1.28395701047459	1.9	-0.455771062778902	2	0.213674518441066	2.6	1.17758441380777	2.08379815272769
52	47	3	0.76904224100091	2.4	-0.752688968217742	4	-1.55786379738557	4.1	-0.0326584523557289	4.7	-0.851365353860757	2.7	0.683473620979851	-0.518060709839037
52	47	3	0.76904224100091	2.4	-0.752688968217742	1.2	1.08174184817912	3.3	1.6367573491655	2.5	-0.470408874742862	4.7	-1.27549670675253	0.548946888632393
52	47	3	0.76904224100091	2.4	-0.752688968217742	2.9	-0.756981356946019	1.8	-0.329041970526538	5	0.686135255298873	4.6	0.637956367410881	0.874421568020364
52	47	3	0.76904224100091	2.4	-0.752688968217742	4.8	-1.28901947384896	2.7	-2.6040381706071	3.9	-2.3359473318599	1.9	-1.37758962460372	-6.09824132813652
53	65	2.6	0.332202578950118	2	-0.938538703606894	1.8	1.30137267282643	4.2	0.251863128958765	2.5	-0.338883669537391	1.3	-0.000452797290706798	1.05356321030032
53	65	2.6	0.332202578950118	2	-0.938538703606894	1	-0.814792784052655	2.4	-0.931551243740146	2.6	0.0201363027607609	3.2	0.181623331004599	-2.26892051868422
53	65	2.6	0.332202578950118	2	-0.938538703606894	3.8	1.24370701857891	2	-0.626786462875747	4.3	0.376962164141067	4.9	1.0591296455613	2.17667624074876
53	65	2.6	0.332202578950118	2	-0.938538703606894	1.2	-0.168250200756106	1	-1.10193638184487	4.7	-0.431723745037877	1.4	1.165793688532	-0.392452763763624
53	65	2.6	0.332202578950118	2	-0.938538703606894	4.3	0.427775678362924	2.5	-0.124774438504463	4	1.95906415617703	2.5	-3.82519276974454	-0.879463498365819
54	31	2	-1.00837660827701	1.2	-1.05251327933874	1.9	-0.224125999053298	3.4	1.04782692647826	3.4	0.255164762454082	3.3	2.04601885213282	1.41399465439612
54	31	2	-1.00837660827701	1.2	-1.05251327933874	1.1	1.57134693497734	3.8	-0.608621618434128	4.9	0.277446817034678	4.9	-0.560762421131065	-1.29948017516892
54	31	2	-1.00837660827701	1.2	-1.05251327933874	3.3	-1.12734724085149	4.7	0.120340526822556	1.9	0.536856022231548	2.1	-0.835999305852858	-2.68303988526599
54	31	2	-1.00837660827701	1.2	-1.05251327933874	4	0.947793980716858	3.8	1.7190418138518	2.7	-0.460485565976711	4.9	0.652947502777847	1.31040784375405
54	31	2	-1.00837660827701	1.2	-1.05251327933874	4.5	0.448768189234897	2.1	-0.250414052311195	1.4	-0.511603722189581	1.1	0.441293124842934	-0.736846348038691
54	31	2	-1.00837660827701	1.2	-1.05251327933874	1.2	-1.10581452855633	1	1.54955532739698	2.1	0.236937879127631	2	0.751629056591275	-0.440582153056187
54	31	2	-1.00837660827701	1.2	-1.05251327933874	1.9	-0.667867842173781	1.2	-1.09713964993245	3.1	-0.541589171621698	2	-0.277975085155337	-4.05146163649901
54	31	2	-1.00837660827701	1.2	-1.05251327933874	2.7	0.783277510302197	1.7	0.925511236116236	2.3	1.21922764704307	4.8	1.12265421625967	2.09378072210543
55	53	1.4	-0.119452606630659	1.9	-0.437159533180399	3.5	0.247813218436048	1.6	0.511477081594046	1.1	0.474771131146576	2.4	0.249098500214417	1.50054779158003
55	53	1.4	-0.119452606630659	1.9	-0.437159533180399	2.9	-0.0116793493293157	1.5	-0.599349281858344	4	-0.516870771807925	4.7	-0.369172073878874	-1.53768361668552
55	53	1.4	-0.119452606630659	1.9	-0.437159533180399	4.7	-1.48046434457838	3.3	-0.0938764014139572	4.4	-1.65974897393981	3.9	0.0416310405039719	-2.48907081923923
55	53	1.4	-0.119452606630659	1.9	-0.437159533180399	2	-0.880207243102504	1.5	0.312626324185419	1.2	0.224008678970802	3	1.21737695940137	0.343192579644034
55	53	1.4	-0.119452606630659	1.9	-0.437159533180399	4.1	0.998593272793153	1.8	-1.12719047710923	4.6	1.80724875971157	4.2	0.958923543103413	3.17096295868784
55	53	1.4	-0.119452606630659	1.9	-0.437159533180399	4	0.20885450721081	2.4	2.37890540148401	2.5	0.189725765214075	3.6	-0.436056829707445	2.5328167043904
55	53	1.4	-0.119452606630659	1.9	-0.437159533180399	3.7	-0.508443214639629	2.1	1.04613532203571	3.8	-1.16292627045147	2.4	1.43980791776081	1.42196161489436
55	53	1.4	-0.119452606630659	1.9	-0.437159533180399	3.2	0.6533947950505	3.9	0.297811542188154	3.9	3.01762143505557	2.9	0.816559312461079	5.12677494494425
56	35	2.6	-0.280395335170247	4.6	0.331179172958982	2.2	-3.14552003560287	3.8	-1.63483238484751	1.4	-0.809775803655654	3.9	1.0495407129977	-4.81180367331959
56	35	2.6	-0.280395335170247	4.6	0.331179172958982	2.9	-0.533122003754975	2	0.871229240582207	1.5	-0.118515926354159	1.8	0.175588348517341	0.809963496779149
56	35	2.6	-0.280395335170247	4.6	0.331179172958982	2.7	0.952078208674972	1.9	-2.16893467443595	1.6	2.24367084973649	1.6	-1.04384462163877	0.399753600125476
56	35	2.6	-0.280395335170247	4.6	0.331179172958982	4.7	0.469253820784019	3.4	-0.503339522315559	2.2	1.10530805440671	1.9	-0.468696015002214	1.6493101756617
56	35	2.6	-0.280395335170247	4.6	0.331179172958982	3.6	-0.895449358819714	1.6	-0.787182478973486	3.4	-0.907419620650574	1.7	-0.28490348155087	-1.84217110220591
57	31	3.3	0.56298953322048	4.2	-2.01421049792072	3.6	0.278713673257541	3.5	-0.681192018430361	2.3	-1.78732831512767	3.8	0.966893045928524	-2.38113457907221
57	31	3.3	0.56298953322048	4.2	-2.01421049792072	1.7	-1.65942926555306	3.3	-0.170503859031734	2.9	0.921630072760668	2.1	-0.0500577177056447	-2.22258173423001
57	31	3.3	0.56298953322048	4.2	-2.01421049792072	4.1	0.00475658128998667	1.9	-0.229977245355604	4.2	-0.320494146350471	4.4	-1.57225462769168	-2.83419040280801
57	31	3.3	0.56298953322048	4.2	-2.01421049792072	2.9	0.118152420348491	3.6	-0.579728506459424	1.9	1.39813717305829	4.7	-0.322455604113669	-1.01611548186655
57	31	3.3	0.56298953322048	4.2	-2.01421049792072	1.2	0.985445685760529	2.4	0.131778255227428	1.4	1.44177772646766	2.9	-1.44070892407748	-0.737928221322104
57	31	3.3	0.56298953322048	4.2	-2.01421049792072	4.1	-1.62894919546801	2.8	1.53857881243447	4.2	0.204873505078344	1	0.625852955790185	0.686135113134745
57	31	3.3	0.56298953322048	4.2	-2.01421049792072	4.5	0.939925298468957	2.6	-0.158631338301809	1.7	-0.254178849336737	4.8	0.597988505728379	-0.0651173481414511
57	31	3.3	0.56298953322048	4.2	-2.01421049792072	3.4	0.0127289780990713	1.9	-1.79079437772454	4.2	-0.173290946724207	2.7	0.281812889708461	-2.25576442134146
58	63	1.9	-0.372438756103829	4	0.211980433372292	3.3	0.0234846591885064	4.2	-1.06381135183874	1.1	-0.14667867696514	4.2	0.333444132777122	-1.06301955956979
58	63	1.9	-0.372438756103829	4	0.211980433372292	3	0.0527750907055875	2.5	-0.274129717350557	2.5	2.41717450672506	1.2	0.0142226956806451	2.8245842530292
58	63	1.9	-0.372438756103829	4	0.211980433372292	2	3.8517579714833	3.5	0.21700603247715	2	-0.481722622534251	2	-0.496357607349663	3.125225451345
58	63	1.9	-0.372438756103829	4	0.211980433372292	2.4	1.66908173576239	4	-0.359385718165611	3.3	-0.418759640935791	1.8	-0.350786392406381	0.984691661523073
58	63	1.9	-0.372438756103829	4	0.211980433372292	2.2	0.63151186526554	2	0.11283169498315	1.3	1.27879340316658	4.3	0.391720547858095	1.93939918854182
58	63	1.9	-0.372438756103829	4	0.211980433372292	1.8	-0.815964477923849	2.5	-0.670748026053258	3.6	-1.34322581337664	4.4	0.209578828892245	-2.78581781119303
58	63	1.9	-0.372438756103829	4	0.211980433372292	3.5	-1.29487751587932	2.4	0.374345223259504	1.2	0.0774533088185653	4.3	1.23467013989917	0.278132833366381
58	63	1.9	-0.372438756103829	4	0.211980433372292	1	0.7000457337639	3.8	-0.0810548925112574	2.2	1.01627541496775	2.1	-0.199819784434937	1.18398814905392
58	63	1.9	-0.372438756103829	4	0.211980433372292	1.6	-0.994966647038534	3.3	-0.0470493466531285	2.2	0.471444377507685	1.1	-0.923208042026683	-1.3552379809422
59	70	2.8	0.976973386685621	1.6	1.23667504641657	4	0.0977860860977877	3.2	1.79497795592676	2.7	-0.410000658535812	3.3	0.5936651573177	5.07007697390863
59	70	2.8	0.976973386685621	1.6	1.23667504641657	3.3	0.520621116773755	3.2	0.665288009047707	1.5	0.156911061317053	1.9	1.11546255343648	5.28193117367718
59	70	2.8	0.976973386685621	1.6	1.23667504641657	5	0.592549576382907	3.8	-0.374402425652033	4.3	-0.577633243463589	1.2	-0.424424996733506	3.23773734363597
59	70	2.8	0.976973386685621	1.6	1.23667504641657	5	-0.499619062771606	3.6	0.702748931010459	3.9	0.536004940287112	4.7	0.759576936893122	4.74436017852128
59	70	2.8	0.976973386685621	1.6	1.23667504641657	2.3	-0.823027378192543	4	-1.21451438389368	2.6	0.568586113177985	4.5	0.209629277871549	0.948322062065504
59	70	2.8	0.976973386685621	1.6	1.23667504641657	1.7	1.27514363976647	2.1	-0.137750126949227	1.7	-0.232140330055519	4.3	-1.04910092481282	1.78180069105109
59	70	2.8	0.976973386685621	1.6	1.23667504641657	2.5	-1.06429914552643	4.9	1.40335789868052	1	-1.9692357275894	3.4	-0.831062222281743	-0.311590763614861
60	44	1.9	-0.374580857767014	1.5	2.03757401824044	2.5	-0.996491243786537	3.7	-0.295271709137097	1.2	-1.25333593531244	1.3	-1.98295385072071	-2.39405957848337
60	44	1.9	-0.374580857767014	1.5	2.03757401824044	3.3	-2.09089194048916	1.8	0.54916088318128	2.6	-0.111331874671968	2.4	0.783595407833566	1.60252563632714
61	58	3	1.05271146557933	4.9	1.30117599220059	1.2	-1.0299636420045	2.6	-0.901076861750623	1.5	0.316426916752984	3	1.13980576969114	1.44307964046892
62	30	2.4	-1.04917700666607	2.7	0.756774763795962	4.5	0.54509725674895	4	-1.98435459681398	4.1	-0.84360789162657	1.2	1.78018405637595	0.772916581814252
62	30	2.4	-1.04917700666607	2.7	0.756774763795962	3.7	1.37848568158638	2.7	0.392475616073891	2	0.309948519051064	1	1.05504463493788	3.81755220877912
62	30	2.4	-1.04917700666607	2.7	0.756774763795962	2.8	-0.163676896083079	2.4	0.119036293175576	1.3	-1.04208053845652	4.5	1.44375919210539	-0.0653641921287377
62	30	2.4	-1.04917700666607	2.7	0.756774763795962	3.9	-1.00513004872477	2.9	-0.740477009782668	2.7	-0.188198590173713	2.2	-0.591646555946616	-1.88785444749787
63	44	3.6	-1.26015524475811	2.9	-1.72673039911433	3.7	-1.2088718603926	4.8	0.370831067143112	4.4	-1.31417800457603	1.8	-1.78480684471835	-5.74391128641631
63	44	3.6	-1.26015524475811	2.9	-1.72673039911433	4	-0.323599562325484	4.8	0.0812191606127616	3.2	0.975007031228062	2	0.229506329521193	-1.03475268483591
64	39	2.5	3.2410399349424	1.7	-0.601506708006782	2.7	0.626840781918867	2.5	0.88027322060407	3.9	-0.209617050905091	4.2	1.56771674994935	5.97774692850281
64	39	2.5	3.2410399349424	1.7	-0.601506708006782	2	-0.87857263737468	1.1	0.778106697935667	2.6	0.597283229481538	3.5	-0.370146624363391	2.93720389261476
64	39	2.5	3.2410399349424	1.7	-0.601506708006782	3.1	-0.547939074836777	4.6	-1.22974677471174	4.2	-1.58156859184192	4.8	1.77903836149569	1.55031714704088
64	39	2.5	3.2410399349424	1.7	-0.601506708006782	1.3	0.610231763281248	3.1	-1.11314851074341	4.4	0.391504050288002	1.6	0.551402005080575	3.74052253484204
64	39	2.5	3.2410399349424	1.7	-0.601506708006782	3.6	0.680038328951451	2.4	0.133744634877637	4.2	-0.896101716320183	1.2	1.19031064508552	5.15252511953005
65	66	2.4	-0.416857588160432	3.3	-0.352046456582617	1.6	0.282074067985043	2.9	0.132809154160958	2.3	-0.509070404137272	2.7	1.18786023254221	0.348769005807892
65	66	2.4	-0.416857588160432	3.3	-0.352046456582617	2.9	-0.0332192123310964	1.4	0.859550775111279	2.8	-1.01556474815148	3.8	0.122098502733294	-0.512038727381054
65	66	2.4	-0.416857588160432	3.3	-0.352046456582617	2.7	-0.177971989093417	1.9	-0.836543862341297	4.3	0.100858665610429	4.8	0.20057410240328	-1.12798712816405
65	66	2.4	-0.416857588160432	3.3	-0.352046456582617	1.6	0.183485516942061	2.5	0.287022001785014	3.6	3.02210418529039	1.2	-0.0783041504059943	3.23740350886842
65	66	2.4	-0.416857588160432	3.3	-0.352046456582617	4.3	-0.524372042597516	2.6	0.516647568306933	2.5	-0.428615845083704	3.5	0.141527530795031	-0.343716833322305
65	66	2.4	-0.416857588160432	3.3	-0.352046456582617	2.2	-0.53593745633951	3.7	1.64870228390432	4.2	1.14568121778476	4	0.632719388674395	2.43026138928092
65	66	2.4	-0.416857588160432	3.3	-0.352046456582617	3.5	-1.45570470165602	1.6	-2.92662858830517	2.5	-0.243098209585093	3.7	-1.35747914285021	-6.29181468713955
65	66	2.4	-0.416857588160432	3.3	-0.352046456582617	2.9	0.846271470268007	2.9	-0.401023964766954	4.8	-0.478543237763878	4.5	1.94575545625971	1.69755567925383
65	66	2.4	-0.416857588160432	3.3	-0.352046456582617	3.3	0.046932368001524	1.6	-2.73351267667681	4.1	-0.710417122207556	4.2	0.363793382948505	-3.18210809267739
66	47	3.1	0.298227591540715	2.1	0.703523902756895	2.2	-1.60712720547266	2.7	0.350256179524455	3.4	-0.0932468222540294	2.8	0.730815610006591	0.827449256101964
67	66	4	0.636569674033849	1.9	-0.105671334003774	4.1	0.633333595568586	2.2	-2.0892872654958	4.2	-0.816447225812107	1.6	0.631062903590119	0.281560347880875
67	66	4	0.636569674033849	1.9	-0.105671334003774	2.5	1.427519655915	1.5	-0.132826947336319	3.2	0.0275611516966839	1.6	0.539482719775353	3.11863492008079
67	66	4	0.636569674033849	1.9	-0.105671334003774	2.2	1.38051749338936	2.1	-1.25415197125	1.4	1.46178591517648	3.3	0.21151699919273	2.25456677653864
67	66	4	0.636569674033849	1.9	-0.105671334003774	1.4	0.872634566795338	2.1	-0.897870703193049	1	-2.01286872832228	1.2	-0.915273428893999	-2.39847995358392
67	66	4	0.636569674033849	1.9	-0.105671334003774	2.9	-0.483135068652272	2.4	1.54493126726369	2.7	-1.25544427798198	3.5	0.263293920710905	0.948544181370421
68	66	1.9	-0.483780625708744	3.8	-1.25864862806017	4.8	-1.1837111726738	2.2	-1.16618980661084	4.6	-1.23682438238993	4	-1.56374070756789	-5.69989532301137
68	66	1.9	-0.483780625708744	3.8	-1.25864862806017	3.1	0.387421779064755	4.9	-1.03872776071744	2.2	-1.668896296255	3.9	0.0139036583033917	-3.87972787337321
68	66	1.9	-0.483780625708744	3.8	-1.25864862806017	2	-0.132738477609743	3.8	-0.78498930533731	2	1.69112418977384	2.9	-0.516215987283684	-1.46424883422581
68	66	1.9	-0.483780625708744	3.8	-1.25864862806017	4	0.996608052804845	4	1.21494843097831	2.2	1.34299231429813	2.6	-1.19054257551753	1.33857696879484
68	66	1.9	-0.483780625708744	3.8	-1.25864862806017	3.1	-2.06514235710952	1.1	-0.188981575770903	2.3	-0.333904504243884	2.6	-0.413069207837028	-4.21852689873025
68	66	1.9	-0.483780625708744	3.8	-1.25864862806017	1.5	0.828783841021937	2.6	-0.757198622679825	3.5	1.56133392173985	3.7	0.371994945422908	0.297484831735954
68	66	1.9	-0.483780625708744	3.8	-1.25864862806017	2	-0.685227837518476	2.8	0.792059477880274	3.5	-0.20966582184596	3.8	0.0923429640204638	-1.59192047123261
69	65	2.7	0.516862044313609	2.1	1.68443570809411	4.5	-1.0004406225028	2.7	0.878294550306238	3.7	0.389990702891873	2.6	-0.750241649314396	2.97390073378864
69	65	2.7	0.516862044313609	2.1	1.68443570809411	4.3	0.22877728793605	3	0.83287086229183	2.7	-1.36077277291004	3.7	1.16385203424588	3.83502516397145
69	65	2.7	0.516862044313609	2.1	1.68443570809411	3	0.082071136777591	3.2	0.766840091949452	1.5	0.105647060562478	2	-1.94877481706842	1.68208122462883
69	65	2.7	0.516862044313609	2.1	1.68443570809411	4.2	0.685262677958063	1.3	-0.799582631565612	4.7	-0.607252950859038	2.2	1.26864359335846	4.2213684412996
69	65	2.7	0.516862044313609	2.1	1.68443570809411	1.8	-1.1362081218855	2.3	-1.6937677772878	1.9	1.62252663965449	4.4	-1.17781208586421	-0.450963592975295
69	65	2.7	0.516862044313609	2.1	1.68443570809411	2.5	0.384488625511335	1.9	0.450367891416527	4	1.9261812971557	3.8	1.34107634876922	6.7944119152605
69	65	2.7	0.516862044313609	2.1	1.68443570809411	2.6	0.492743756519914	1.4	-0.0176577278525468	1	2.0470004522712	4.1	1.22103712669075	5.81542136003704
69	65	2.7	0.516862044313609	2.1	1.68443570809411	1.4	-0.592654664987339	4.9	-0.0381400327563791	2	-0.484595881870641	2.2	-0.152781669698048	0.954125503095316
69	65	2.7	0.516862044313609	2.1	1.68443570809411	1	-1.68453010994302	2.4	-0.475640826765295	5	0.362591295552929	3.6	1.10839320187578	1.78311131312812
69	65	2.7	0.516862044313609	2.1	1.68443570809411	2.6	0.905828838729713	4.7	-1.69352879465208	3.9	1.91122262433724	3.5	-0.731970056007314	3.09785036481529
70	47	2.1	0.368964527385086	4.2	0.911391291795963	1.9	0.932635438852207	1.1	1.12457483752911	3.8	-0.617241506506279	4.4	0.0333768426273916	2.82470143168348
70	47	2.1	0.368964527385086	4.2	0.911391291795963	1.4	-0.732561605469398	4.3	-1.77954774715351	4.2	-0.189289719989623	3.5	0.818407774847846	-0.485635478583637
70	47	2.1	0.368964527385086	4.2	0.911391291795963	3.5	0.926833457955141	4.1	-0.344550362435428	1.1	0.263837867050331	2.6	0.218192085822206	2.6556688675733
70	47	2.1	0.368964527385086	4.2	0.911391291795963	4.4	-0.238038777182284	4.4	-1.10917311375928	1.1	0.775408783951334	1.6	0.868497252409914	2.35204996460074
70	47	2.1	0.368964527385086	4.2	0.911391291795963	1.7	0.0721020464002247	1.3	-0.630105782923093	3.3	-1.47016620753101	4.5	0.0216805208980772	-0.83913360397475
70	47	2.1	0.368964527385086	4.2	0.911391291795963	3	0.0195853042740425	1	1.31688376872424	4.2	-1.33895443535663	4.5	1.11522864969301	2.85609910651572
70	47	2.1	0.368964527385086	4.2	0.911391291795963	2.4	0.999567631330316	3.4	0.534513388284073	3.9	-0.152988693126373	2.4	-0.352180864911126	2.90426728075794
71	63	3.5	-0.215380507641693	1.4	0.237430272491026	1.9	-0.621042494956867	4.8	0.0632356547984874	3	-1.68160070977383	4.9	0.707172473610893	-1.67518531147198
71	63	3.5	-0.215380507641693	1.4	0.237430272491026	3.6	0.177691497867866	2.3	-0.35396145168564	2.1	-0.456296359001271	4.9	-0.765613672082363	-1.16113022005208
71	63	3.5	-0.215380507641693	1.4	0.237430272491026	2.4	-0.580165079131849	4.1	-0.150772038428519	2.5	0.682793192202467	4	0.272171757759986	0.325077597251417
71	63	3.5	-0.215380507641693	1.4	0.237430272491026	4.2	0.908637825733444	1.5	-1.63346213943242	1.4	-0.23903748350282	1.1	0.696586793761268	0.785774761408809
71	63	3.5	-0.215380507641693	1.4	0.237430272491026	2.3	-0.636686379475083	3	0.421969337370265	2	-1.20335093346794	4.9	1.22987971740333	-0.375138493320094
72	56	1.7	0.0652930335253153	4.3	1.21810861032581	4.8	0.61874096036165	4.2	0.743611327809965	2.6	-1.79316766664849	2.3	-0.707931887106341	1.21765437826791
72	56	1.7	0.0652930335253153	4.3	1.21810861032581	2.3	-0.492686101083358	3.4	-0.952351111335292	4.2	-0.946576319782655	3.4	-0.144048750509615	-0.813260638859794
72	56	1.7	0.0652930335253153	4.3	1.21810861032581	1.7	0.240946902701	2.1	1.15633016538051	4.5	-0.375692365280901	3.8	-0.973715576881434	1.5962707697703
72	56	1.7	0.0652930335253153	4.3	1.21810861032581	1.6	-0.127842335862058	4.2	0.345861674157838	3.2	-0.367992745177059	1.8	0.0559444258531401	1.52237266282299
72	56	1.7	0.0652930335253153	4.3	1.21810861032581	1.5	0.844035078990893	3.4	1.44495717206043	2.3	-0.0440743934261368	2.7	0.492346553150489	3.9796660546268
72	56	1.7	0.0652930335253153	4.3	1.21810861032581	2.9	1.18413233031612	4.8	-1.48276130575666	3.3	-0.474354377715207	1.6	0.502545254666909	1.78396354536229
72	56	1.7	0.0652930335253153	4.3	1.21810861032581	4.2	-0.133687594697753	1.7	0.49463129762884	2.3	-0.988709192833846	1.8	-1.07525797722939	0.563378176718979
72	56	1.7	0.0652930335253153	4.3	1.21810861032581	4.5	0.817820145786804	1	0.295159338034633	1.6	-0.902449159710681	4.1	1.25804225002658	3.23897421798846
72	56	1.7	0.0652930335253153	4.3	1.21810861032581	1.3	0.228960772602378	2.5	1.04786224591943	3	-0.855378252330189	2.9	1.49297171304439	3.21481812308713
73	61	4.5	-0.034067253738464	2.7	-1.33877428723497	3.1	0.136823618948169	3.1	-0.584635810815666	4.3	-0.5276920773549	4	-0.555079976558188	-2.36242578675402
73	61	4.5	-0.034067253738464	2.7	-1.33877428723497	3.3	0.653823170914733	2.2	-0.179154959249225	2.2	-1.44114002209388	2.1	0.0711643341272737	-1.68914901727453
73	61	4.5	-0.034067253738464	2.7	-1.33877428723497	3	-0.335768542377534	1.1	-1.41868363897022	4.1	-1.95678478418978	1	1.95651879089114	-2.01655971561983
73	61	4.5	-0.034067253738464	2.7	-1.33877428723497	3.1	1.12934492850217	1.5	-0.79200974090545	1.5	0.0286581970792618	2.7	0.354455492061956	-0.379392664235496
73	61	4.5	-0.034067253738464	2.7	-1.33877428723497	2.5	-0.0376828117706237	3	-0.47735724140019	4.4	1.53823566132278	3.4	-2.59669668343344	-2.44334261625491
73	61	4.5	-0.034067253738464	2.7	-1.33877428723497	3.4	-1.75569401653616	3	0.736311837630401	4.3	1.63464035479982	2.8	0.343133288617156	0.458549923537779
73	61	4.5	-0.034067253738464	2.7	-1.33877428723497	2.1	-0.0997203693834034	1.5	-0.985790014769516	4.4	-0.562776208352765	2.4	1.23550830856157	-1.17261982491755
73	61	4.5	-0.034067253738464	2.7	-1.33877428723497	3.6	0.447020452653874	2	1.41843376401682	1.1	-0.696955708518244	3.1	0.0345180859456955	0.0831750531247124
73	61	4.5	-0.034067253738464	2.7	-1.33877428723497	3.7	1.2300316728337	1.7	0.679005323725336	1.2	-0.538226303471587	1.9	-0.260110378620695	0.286858773493318
74	25	4	2.12845189901618	4	0.6608202977898	4.8	1.16991156373834	5	0.994343781469159	3.3	-0.201974542019877	1.7	0.237928036107717	6.20948103610132
74	25	4	2.12845189901618	4	0.6608202977898	2	-0.464804982824575	2	1.01331643888128	2	-1.40709911441437	4.2	0.375837694337854	1.98652223278617
74	25	4	2.12845189901618	4	0.6608202977898	3.9	-1.00938095657167	2.2	-2.35422544454233	1.5	-0.624741078174658	3.7	1.13516011732482	0.18208483484215
74	25	4	2.12845189901618	4	0.6608202977898	1.3	0.736861168757963	4.6	-0.183590983596748	1.8	-1.69464351892314	2.7	-0.110945158744688	1.21495370429936
74	25	4	2.12845189901618	4	0.6608202977898	2.5	0.279710684880846	2.5	-0.425414414062687	3.1	1.34400961740388	4	0.390949986669502	4.45852807169752
74	25	4	2.12845189901618	4	0.6608202977898	1.9	0.418103232754524	3.9	1.32112805203264	4.8	-1.29643923240267	2.7	0.400372408957495	4.10443665814797
75	49	3.7	-0.741336096272828	3.6	-0.522912376313422	3.7	-0.891613786810676	2	1.18339869914716	1.6	0.0697747577746106	1.7	0.538002618404536	0.284313815929378
75	49	3.7	-0.741336096272828	3.6	-0.522912376313422	1.4	0.87239516251344	2.8	0.0300652782767662	2.4	-0.551500633193785	4.9	-0.541463607593964	-1.99175227258379
75	49	3.7	-0.741336096272828	3.6	-0.522912376313422	1.8	1.86900934050409	2.6	1.80697648679235	2.5	-0.176943367781943	4.3	0.225605690423625	2.18739967735187
75	49	3.7	-0.741336096272828	3.6	-0.522912376313422	4.8	-0.124268503812241	4.3	1.63522269405853	4.7	0.469177847669925	4.9	1.70825725396497	3.33714081929493
75	49	3.7	-0.741336096272828	3.6	-0.522912376313422	3.3	0.107028807376313	1.5	-0.111103868982268	3.5	0.96779678824769	3.1	-0.628790260823128	-0.290317006767643
75	49	3.7	-0.741336096272828	3.6	-0.522912376313422	2.6	-0.948535060055104	4.5	0.438328909208974	4.5	-0.296114656814332	4	-0.163567941935701	-1.84513722218241
75	49	3.7	-0.741336096272828	3.6	-0.522912376313422	3.3	1.31664471072918	2.6	-0.394216082406654	2.7	-0.728253258423636	4.2	-0.275750730184647	-1.108823832872
75	49	3.7	-0.741336096272828	3.6	-0.522912376313422	1.5	0.722656926345969	3.5	-0.122401094783442	3.8	2.4756058618661	3	-0.323844901980971	1.62676831886141
75	49	3.7	-0.741336096272828	3.6	-0.522912376313422	3	-2.32925346285753	1.5	-1.55285188209293	1.8	0.5185571703497	3.1	-0.505562803012853	-4.92435945019987
76	36	3.5	-1.09599626707466	2.8	0.683745521850713	1.5	0.397877113060311	2.6	0.141494558350148	4.4	-0.59214062739422	3.4	-0.513955735696316	-0.723975436904028
76	36	3.5	-1.09599626707466	2.8	0.683745521850713	1.3	-0.397028133394579	2.6	1.30181266697034	1.8	-1.10533356064609	2.6	-1.20279475722774	-1.98059452952203
76	36	3.5	-1.09599626707466	2.8	0.683745521850713	1.3	-0.279957848490363	2.2	-1.12539685767474	2.8	1.03908851261442	5	-0.227624806236914	-1.44314174501156
76	36	3.5	-1.09599626707466	2.8	0.683745521850713	3.8	0.78511853104356	1.4	-0.135307406049395	2	2.54290445686211	2.8	-0.275899217586007	3.11356561904631
76	36	3.5	-1.09599626707466	2.8	0.683745521850713	4.9	-0.210320814229356	3.9	-0.208988948819788	1.3	-0.673715819136411	1	-0.729808806024931	-1.12608513343444
76	36	3.5	-1.09599626707466	2.8	0.683745521850713	4.2	0.192114963876683	4.6	-1.07486233391367	4.1	-0.0922300081017977	1.1	1.83415571752355	1.87192759416081
77	44	2.5	0.0377883991710788	3.5	-0.0608219546600742	4.8	-0.425583081737936	1.1	-0.299350349956758	3	0.240743275183961	2.3	0.714920616384857	1.43069690438513
77	44	2.5	0.0377883991710788	3.5	-0.0608219546600742	5	-0.854606257806265	3.5	-0.79392203936672	1.8	0.705250082225272	2	-0.243054519327563	-0.154366289764272
77	44	2.5	0.0377883991710788	3.5	-0.0608219546600742	3.4	-1.39917303807194	3.2	-0.123344243002257	3	1.86201175755903	1.1	-0.0194862344134923	1.29797468658234
77	44	2.5	0.0377883991710788	3.5	-0.0608219546600742	4.2	1.06880013095287	4.3	1.0768024477413	4.5	0.189105184495574	4.1	0.838618999186175	4.06929320688693
77	44	2.5	0.0377883991710788	3.5	-0.0608219546600742	1.4	0.264530221754555	3.6	0.143284597290015	1.3	-0.664202384609808	4.1	1.52551567325041	0.699094552196175
77	44	2.5	0.0377883991710788	3.5	-0.0608219546600742	1.4	0.664805459562694	2.9	0.061195705416789	2.9	-0.233273827245124	3.8	-0.163753255342165	0.152940526903199
77	44	2.5	0.0377883991710788	3.5	-0.0608219546600742	1.5	-0.816078736072911	4.4	-0.000366616441141402	4.5	-0.390060895228012	1.2	-0.341665587846514	-0.884205391077574
77	44	2.5	0.0377883991710788	3.5	-0.0608219546600742	1.9	-0.16675086618854	4.1	0.00893724623180033	2.3	-1.87582204994129	3.6	0.449730609174154	-1.71393861621287
78	56	3.1	0.310480749443137	1	0.632960713031451	3.7	0.0578455329557257	4.8	1.763596469256	2.7	-0.204762719552353	3.1	1.50238345199559	4.78150419712955
79	43	4.5	0.436523478910183	1.9	1.33551761505939	1.7	1.45390062123435	1.6	0.396451965571097	4.1	-1.91601821802967	2.7	1.65474084400222	3.78011630674757
79	43	4.5	0.436523478910183	1.9	1.33551761505939	2	-0.864556217319535	1.4	-2.02323110391136	4.7	-0.950077589348363	3.9	0.371894882020314	-1.30092893458937
79	43	4.5	0.436523478910183	1.9	1.33551761505939	3.3	-1.59628307950226	1.3	-0.665141472933446	4.2	0.773587127057442	2.7	0.623540462610103	1.83274413120141
79	43	4.5	0.436523478910183	1.9	1.33551761505939	1.4	-1.94601344555199	1.9	0.435007205526097	4.8	-1.7037984055143	2.8	0.474898626830697	-0.524864924739928
79	43	4.5	0.436523478910183	1.9	1.33551761505939	3.7	1.10405027494058	4.4	-0.0729116390239619	2.2	-1.20077712678264	4	0.571634626645242	2.4970372297488
79	43	4.5	0.436523478910183	1.9	1.33551761505939	3.5	0.304872111305456	2.7	-1.28188764411534	1	-0.240785063614367	2	1.33573646703799	2.34697696458332
79	43	4.5	0.436523478910183	1.9	1.33551761505939	4.5	-0.130421889948526	3.8	1.01526613067697	1.8	-0.302073501137212	2.9	-0.0571041609665933	3.01270767259422
79	43	4.5	0.436523478910183	1.9	1.33551761505939	1.8	-0.293613387011894	4.7	1.16305933920202	4	-1.75404475768728	1.9	0.242843946422432	1.65728623489485
79	43	4.5	0.436523478910183	1.9	1.33551761505939	2.3	1.58625545540677	2.2	-0.940039838457001	3.5	0.50937884189092	2.8	1.96963413281427	5.34426968562453
79	43	4.5	0.436523478910183	1.9	1.33551761505939	2.6	1.20114550405925	4	-0.185466629123019	3	-1.02145633708376	4.6	-0.530038313429479	1.27722531839256
80	31	3.3	-0.458365332711106	3.8	0.00729009031689879	3.5	1.71013967532023	4.4	-0.658015822506482	3.7	-1.43253449521809	4.3	-0.335434043934512	-0.717919928733058
80	31	3.3	-0.458365332711106	3.8	0.00729009031689879	2.1	-0.666247379760654	1.1	0.421630740312315	4.9	-0.986336317053269	4.8	-0.166829118188616	-1.61385731708443
80	31	3.3	-0.458365332711106	3.8	0.00729009031689879	2.7	-0.814372276715255	4.3	0.298204519001365	4.4	-1.27914012290609	2.6	0.647461353206059	-0.907921769808131
81	37	4.4	-1.06332613397119	1.9	1.01755863695209	4.9	-1.40944081364363	3.5	-0.388600519991625	4.6	1.70380587237689	5	2.57794265437777	3.4239396961003
81	37	4.4	-1.06332613397119	1.9	1.01755863695209	3.3	1.31783561304849	1.9	-0.172836903387074	4.3	-1.67846782105134	2.8	-0.52532183465562	-0.186558443064645
82	58	2.2	1.26318517608949	4.3	-1.18843403514798	2	0.0125113049765485	4.6	-0.697284584551622	1.2	0.0527816407769163	3.3	-0.761426888665313	-1.59866738652196
82	58	2.2	1.26318517608949	4.3	-1.18843403514798	4.8	-0.750066762177089	4.2	2.59849023212988	4.9	0.00434931031926756	1.2	-1.32884232612394	2.32668159508962
82	58	2.2	1.26318517608949	4.3	-1.18843403514798	2.9	-0.588889410311249	4.6	-0.0374150136340493	4.3	-0.722638902860258	2	-0.602030747228367	-1.00622293309241
82	58	2.2	1.26318517608949	4.3	-1.18843403514798	1.5	1.28407840566909	2.8	0.91349189044332	3.7	1.24536948489435	1.1	-1.55052527235048	2.51316564959779
82	58	2.2	1.26318517608949	4.3	-1.18843403514798	4.1	-1.10324201310916	2.6	-0.184526498264729	2.6	0.825454015820388	1.9	0.703001795150071	1.26543844053808
82	58	2.2	1.26318517608949	4.3	-1.18843403514798	1.6	-1.37492032623052	2.5	0.609824296161446	2.1	-1.32545073877423	3.1	0.574503005108308	-1.57929262279349
82	58	2.2	1.26318517608949	4.3	-1.18843403514798	3.2	-1.56590485336678	3.1	-0.0527268089879745	4.7	-0.125609751573109	2.3	-1.59529150956621	-2.25478178255257
82	58	2.2	1.26318517608949	4.3	-1.18843403514798	3.6	0.00049308567748888	1.3	1.36392195568146	2.5	-0.950390304418694	4	-0.624068861570706	0.250707016311058
82	58	2.2	1.26318517608949	4.3	-1.18843403514798	3.3	1.16039685571176	3.9	-0.503633417134384	3.2	-0.799799740652189	4.8	1.04721605508961	1.20293089395631
83	46	3.8	-0.349650387953555	2.2	-0.721604440436015	4.9	-1.37756706406485	3.3	-0.189317153755254	4.3	-0.885747065035595	3.7	0.594010391025785	-1.72787572021948
83	46	3.8	-0.349650387953555	2.2	-0.721604440436015	3.6	-0.362426925315183	4.1	-0.17836806978488	4.1	0.694761817861876	4.8	1.04942056472085	0.668132559093088
83	46	3.8	-0.349650387953555	2.2	-0.721604440436015	4.5	0.302298495796781	2.7	0.384003383970053	3.4	0.402639185314637	3.2	0.139450513386389	1.17113675007829
83	46	3.8	-0.349650387953555	2.2	-0.721604440436015	3.9	-0.109079876118132	3.5	-0.728954756622453	3.2	1.07623819643517	4.1	-0.584307562043348	-0.819358826738334
83	46	3.8	-0.349650387953555	2.2	-0.721604440436015	3	-2.17916528120393	4	1.22040585084685	3.1	-0.596546431488492	4.2	1.7139954202697	-0.634565269965443
83	46	3.8	-0.349650387953555	2.2	-0.721604440436015	4.5	-0.758114724994385	3.8	-0.524933847910777	2	-0.580987627977025	2.1	-0.106813032034521	-2.11010406130628
83	46	3.8	-0.349650387953555	2.2	-0.721604440436015	3	1.01455115132308	4.9	-0.0902242426746714	3.5	0.302076563812211	2.2	0.0232819443164752	0.918430588387528
83	46	3.8	-0.349650387953555	2.2	-0.721604440436015	4.1	0.158047162065185	2.1	-1.55461292007315	4.5	0.305685155514337	1.9	1.0939216088275	0.317786177944296
83	46	3.8	-0.349650387953555	2.2	-0.721604440436015	3	-1.47256043761472	1.3	-0.0684287039338176	4.1	1.37399835400225	4.5	-0.0986678882286803	-0.864913504164536
84	64	2.1	-0.865512862653374	3.8	1.51921771138818	3.8	-0.00173405312827689	4.1	0.427858022106523	2	-0.0906280695866964	2.6	-1.00704012536731	0.587160622759041
84	64	2.1	-0.865512862653374	3.8	1.51921771138818	2.6	0.757960470297931	2.7	0.411350679073257	3.3	-0.832085616337463	3	0.425207599639901	1.86913798140843
84	64	2.1	-0.865512862653374	3.8	1.51921771138818	2.1	0.18917446624153	5	-1.72636125386664	1.3	-0.195001421960026	1.2	-1.22481659233549	-2.08629995318582
84	64	2.1	-0.865512862653374	3.8	1.51921771138818	3.8	0.0449388902440966	2.8	-0.175648234059894	4.8	0.329638857952482	2.3	-0.590464655327117	1.51316970754437
84	64	2.1	-0.865512862653374	3.8	1.51921771138818	1.9	-1.86958393018713	4.9	0.286838523204975	1.9	-0.0537410607630396	1.8	-0.91363806913849	-1.73741968814888
84	64	2.1	-0.865512862653374	3.8	1.51921771138818	2.2	0.335809955456784	3.2	0.590740011639347	2.1	-0.44625318565534	2.5	-0.870917714356669	0.446083915818926
84	64	2.1	-0.865512862653374	3.8	1.51921771138818	4.6	2.33442434731133	4	-0.31736028416263	2.8	1.27975690631685	2.7	-0.368555639793572	4.56897017840678
85	30	3.4	-0.236279568941097	4.7	0.377387973023929	3.1	-0.452999826587109	3.8	-0.414711521382843	2.5	-0.751617770822178	3.8	-0.251567617718673	-1.58778833242797
85	30	3.4	-0.236279568941097	4.7	0.377387973023929	2	0.385975068507584	3.2	-0.623339885019075	1.3	-1.18315410464279	3.1	0.0732188550160855	-1.48219166205536
86	47	2.9	-0.197175894348552	1.5	-2.05222282043373	3.1	-0.1847073805827	4	0.168024801248484	3.8	0.758634104962499	4.5	0.0147046935473733	-1.01774249560663
86	47	2.9	-0.197175894348552	1.5	-2.05222282043373	3	-1.59220005584977	2.7	-0.913005530683512	2.1	-0.448236930037059	1.6	0.951392914928735	-3.54044831642389
86	47	2.9	-0.197175894348552	1.5	-2.05222282043373	2.2	0.154106587684329	1.4	-0.17505812828446	4.6	-0.922278520549887	2.5	-0.0107680770137928	-2.38639685294609
86	47	2.9	-0.197175894348552	1.5	-2.05222282043373	1.6	0.297433930578006	1.6	-1.83044612088624	3.6	-0.194681408869564	3.2	-0.561343472177005	-4.24543578613708
86	47	2.9	-0.197175894348552	1.5	-2.05222282043373	2.3	0.0491271499233207	4.1	-0.446737251934726	5	-0.222937722773104	3	-0.0606100814465088	-2.1575566210133
86	47	2.9	-0.197175894348552	1.5	-2.05222282043373	2.2	-1.90764477248366	1.5	1.17066727472609	1.5	0.399869268659345	3.9	-0.842326346047997	-3.5138332899285
86	47	2.9	-0.197175894348552	1.5	-2.05222282043373	2.5	0.644033058134501	2.9	-1.15141589767973	4.2	-1.01789446305986	4.3	0.101888083639531	-3.23578793374784
86	47	2.9	-0.197175894348552	1.5	-2.05222282043373	2.9	0.832315550990276	2.5	-1.19293202004669	4.9	0.0214499512109296	2.6	-0.897925784148349	-2.44149101677612
86	47	2.9	-0.197175894348552	1.5	-2.05222282043373	2.5	0.27545846353675	3	-0.21986145850709	4	-2.78186627438335	1.9	1.39392544527667	-2.70674253885929
87	74	2.1	1.10992028971364	1.5	-1.36403745208238	2.1	-0.234463430687309	3.3	-0.452526827093522	2.2	1.32441739035745	2.5	0.663391989816086	1.35570196002397
87	74	2.1	1.10992028971364	1.5	-1.36403745208238	3.6	0.481837360399392	2.4	-1.59298376485406	4.9	-0.0206222292289781	3.9	-0.75392632093572	-1.1028121169881
87	74	2.1	1.10992028971364	1.5	-1.36403745208238	3	0.386893969204339	4.9	-0.472039049110509	5	1.16812642718924	2	-1.62043162013659	0.415432564777739
87	74	2.1	1.10992028971364	1.5	-1.36403745208238	2.3	0.247672409336777	4.4	0.312398801968234	2.2	-0.607357120914811	2.6	1.84514203523687	1.87073896325834
87	74	2.1	1.10992028971364	1.5	-1.36403745208238	1.8	0.518119835350654	3.9	1.10084185122132	3.4	-0.0128416593054387	4.2	0.576981917174205	2.035984782072
87	74	2.1	1.10992028971364	1.5	-1.36403745208238	4.9	1.99741373388409	4.2	1.05072177515683	2.4	-0.250936878426421	4.2	2.31484739171754	5.68892885996331
87	74	2.1	1.10992028971364	1.5	-1.36403745208238	4	0.927508823680672	4	0.383438223166953	5	-0.969113640406662	2.5	0.523329556374545	2.03604580044677
88	70	3.3	0.0847372921971965	3.7	-0.200781015589121	3.9	1.04396892544121	1.1	0.407369085480355	2.4	1.16196308935288	1.5	-0.747420182762966	2.69083719411956
88	70	3.3	0.0847372921971965	3.7	-0.200781015589121	3.7	-0.64319855502514	2.5	0.264011434380507	4.4	-0.323839216196971	1.6	-0.976415461234376	-0.562485521467905
88	70	3.3	0.0847372921971965	3.7	-0.200781015589121	1.1	-0.18870733817764	3.7	0.0912835539416647	1.3	-0.0626243226341348	1.7	-1.14902611060112	-1.63611794086315
88	70	3.3	0.0847372921971965	3.7	-0.200781015589121	3.1	0.328804470391312	2.8	-0.680687428865753	1.3	0.869617151547301	1.1	1.98924365380742	2.91793412348835
88	70	3.3	0.0847372921971965	3.7	-0.200781015589121	4	0.0502141958592356	1.9	-0.231969495130984	1.4	0.641105773086874	2.1	1.7511310826985	2.7294378331217
88	70	3.3	0.0847372921971965	3.7	-0.200781015589121	1.1	0.477564835208867	1.7	1.98511178276459	4.4	1.19312345457051	1.2	2.56440930061295	6.65316564976499
88	70	3.3	0.0847372921971965	3.7	-0.200781015589121	3.8	-0.266859160681637	3.7	-0.929159357105226	2.5	0.187093158634643	1.2	0.776495901541338	0.590526818997193
89	69	4.7	0.754053785184522	2.7	0.865779404334488	3.8	-0.496873947470779	4.6	-0.0569456947754365	3.5	0.889500197272317	2.7	-0.016839096453314	2.7496746480918
90	34	4.6	-0.499292017172261	4.3	-0.101883255715222	3.5	1.787798734539	1.3	-1.2281836193586	3.6	1.00287935083123	4	0.279077037786067	1.69639623091021
90	34	4.6	-0.499292017172261	4.3	-0.101883255715222	1.6	1.20293033577497	2.6	-1.27106502138202	4.3	-0.302024677426308	2.7	0.46404938204628	-0.247285253874565
90	34	4.6	-0.499292017172261	4.3	-0.101883255715222	2.7	0.48536716514617	3	0.127383608306443	4.7	0.101765870806126	1.8	0.378460412533289	1.33380178390454
90	34	4.6	-0.499292017172261	4.3	-0.101883255715222	2.1	-0.574574152017084	4.1	0.760383157988027	3.4	-1.56080559905702	2.6	0.278374001552994	-1.47779786442056
90	34	4.6	-0.499292017172261	4.3	-0.101883255715222	2.5	0.191224726885925	1.9	-0.407652916022205	2.2	-0.877589114615172	2.1	0.0912301601069542	-1.35996241653198
90	34	4.6	-0.499292017172261	4.3	-0.101883255715222	4.1	-0.35195807126092	2.6	-0.577421344918043	4.1	-1.32544326909036	4	0.915610225764827	-1.23038773239198
90	34	4.6	-0.499292017172261	4.3	-0.101883255715222	4.9	1.39587475731531	2.7	-2.83937616690889	4	-0.122920530607246	3.2	0.709899292255341	-0.369697920832969
90	34	4.6	-0.499292017172261	4.3	-0.101883255715222	3	2.45230478991366	4.1	0.374320874220963	4.5	-0.309550304192254	4.1	0.793932838572023	3.11983292562691
90	34	4.6	-0.499292017172261	4.3	-0.101883255715222	4.2	1.15297645724422	3.1	-0.902854978742815	2.8	0.535453158378052	3	1.1069684984941	1.96136786248607
91	32	2.1	0.214445309581601	4.9	0.624187472020653	4.2	1.84602386835509	2.5	-0.00154564377195861	3.1	-1.33648337568843	3.5	-0.795458154580737	1.28216947591621
91	32	2.1	0.214445309581601	4.9	0.624187472020653	2.8	0.886139125842827	4.4	-1.08780478027527	3.6	-0.83964092016965	3.6	0.137218904609682	0.287545111609839
91	32	2.1	0.214445309581601	4.9	0.624187472020653	4.4	0.0641203007061369	2.5	-0.810047009599751	1.7	0.406254477627658	4.5	-0.610584657425094	0.199375892911204
91	32	2.1	0.214445309581601	4.9	0.624187472020653	1.6	0.570511283786761	1.2	-0.0921693633956185	4.2	0.0675064988843405	1.5	-1.46647593751906	0.51500526335868
91	32	2.1	0.214445309581601	4.9	0.624187472020653	3.1	-0.331810527906394	1.1	-0.487664026726719	1.8	-0.478327460180175	4.4	0.317778974519074	-0.15239025869196
91	32	2.1	0.214445309581601	4.9	0.624187472020653	2.3	0.88909869584967	3.7	-0.640876811495536	4.6	1.21237302167864	2.3	0.353098297595119	3.32932598523015
91	32	2.1	0.214445309581601	4.9	0.624187472020653	3.2	0.72768062225774	4.4	-1.33808146643276	1.4	-0.569861961836276	4.3	-1.32645003926434	-1.77508006367338
91	32	2.1	0.214445309581601	4.9	0.624187472020653	1.8	2.78031235537662	4.8	-0.777504016140194	4.1	0.411860179289994	4.8	1.65106859773561	4.80936989786428
92	58	2.3	-0.324685911490835	1.3	0.959005377787825	4.3	0.472741342628652	2.8	-0.41294127515641	4.6	0.436288037952362	3.3	-1.43064062509921	1.00076694662239
92	58	2.3	-0.324685911490835	1.3	0.959005377787825	4.4	-1.03108710484343	1.9	-1.08100043519868	2	-0.145834233153989	2.8	0.08889294253109	-0.605709364368019
92	58	2.3	-0.324685911490835	1.3	0.959005377787825	2.5	0.934120835699851	1.3	0.469312616007674	3.4	0.154519370432635	4.8	0.479237258969012	2.92250954740616
93	42	4.9	0.0945835281735714	2.8	1.67105482886294	2.1	0.636883003643909	2.5	-0.38661040852913	1.7	-0.127552100106429	4.7	-3.13373311498627	-1.67837426294141
93	42	4.9	0.0945835281735714	2.8	1.67105482886294	4.6	-0.808551778370152	3	-0.0317294960439855	4.4	0.164989045840314	4.9	-0.438099732074327	1.45924639638836
93	42	4.9	0.0945835281735714	2.8	1.67105482886294	2.9	0.0644649495191303	4.7	0.109130653236438	2.7	-1.52944167227208	4.3	-0.296925234464086	0.155867053055917
93	42	4.9	0.0945835281735714	2.8	1.67105482886294	1.3	-1.37100051399576	1.1	-0.213553033291553	4.5	1.0866013813124	2.1	-2.08484122906908	-0.38215503800748
93	42	4.9	0.0945835281735714	2.8	1.67105482886294	2.4	-0.946011512200049	1.4	1.44408678664005	3.5	0.985293252730857	2.8	0.124501440797394	3.79250832500477
93	42	4.9	0.0945835281735714	2.8	1.67105482886294	3.9	0.580519696888814	3.6	-0.160697763387726	4	2.83911868991804	2.5	0.0350586143073962	6.04463759476303
93	42	4.9	0.0945835281735714	2.8	1.67105482886294	3	-0.0582321226253884	1.9	-0.6231848207105	1.1	0.00111111691826653	1.2	0.0255570380848215	1.53988956870371
93	42	4.9	0.0945835281735714	2.8	1.67105482886294	4.1	-0.269091029143447	2.2	-1.13706791242114	3.3	-0.87362852662867	3.4	-1.65645454251584	-1.41760365367259
93	42	4.9	0.0945835281735714	2.8	1.67105482886294	2.1	-2.07505233578094	4.4	1.83733594996703	1.2	-1.51843033506966	2.3	-1.62415372733779	-1.70566209118485
93	42	4.9	0.0945835281735714	2.8	1.67105482886294	2.7	1.75060761278571	3.6	0.0446896796852198	4.8	0.526304980329362	1.4	-1.15765179647575	3.93458883336106
94	58	3.5	-0.895363357977542	3.8	0.0560167332749619	1.1	-0.80359786515808	3.9	-0.866128522960584	2	-0.152525559658479	3.2	-1.94070545396635	-4.99330402644607
94	58	3.5	-0.895363357977542	3.8	0.0560167332749619	3	-1.19840856257805	2.1	0.467805602966812	1.6	0.856214879376642	3.6	-0.535887467461224	-1.1946221723984
95	41	4.7	-1.31080153332797	1.3	-0.051981906180899	1.4	-1.17079120379382	1.7	0.230233639932109	3.5	2.20243578907327	4.1	1.73832854151601	1.59042332721869
95	41	4.7	-1.31080153332797	1.3	-0.051981906180899	4.9	-1.22146933912184	4.9	1.01529994999295	2.8	-0.379571051541211	2.6	0.450410196233669	-0.399113683945311
95	41	4.7	-1.31080153332797	1.3	-0.051981906180899	4.3	0.767334713278342	3.7	0.895199288956315	4.2	2.34999238529158	1.1	0.0140289965101952	4.18677194452757
95	41	4.7	-1.31080153332797	1.3	-0.051981906180899	1.5	-0.28701006791432	4.7	-1.06514776536642	4.5	1.54668055685613	2.6	-0.121349874048826	-0.866610589982303
96	34	2.9	1.99721338474797	5	-1.75323735914227	3.9	-1.43491267164449	3.3	0.804032290142514	3	-0.809248936707142	3.2	1.58218645567045	1.00503316306702
96	34	2.9	1.99721338474797	5	-1.75323735914227	3.9	0.359780354270464	1.6	1.8723317486393	2.6	0.050323030248645	2.9	0.960255353783174	4.11966651254728
96	34	2.9	1.99721338474797	5	-1.75323735914227	2.4	-0.817055357054789	1.2	-0.262678090014843	1.9	0.101772041721814	4.3	-1.90307697710446	-2.86606235684658
96	34	2.9	1.99721338474797	5	-1.75323735914227	3.8	1.31689292485862	1.2	0.971651297680579	4	1.16912354606323	1.7	0.947324753875237	5.77996854808337
96	34	2.9	1.99721338474797	5	-1.75323735914227	3.2	-0.9258235679908	1.7	-1.37736386169196	3.6	-0.566591093897042	4.9	0.753420372173012	-1.6513821258011
96	34	2.9	1.99721338474797	5	-1.75323735914227	4.5	-2.05908538293546	2	1.73050131428387	3.1	-0.375340288323561	3.5	-0.697797127021826	-0.372745458391287
97	64	2.6	0.600708823672418	2	0.0993275940878275	1.3	0.0351173221007297	1.8	0.127064314826948	4.6	0.0498696759467732	1.4	1.99324249254339	3.64933022317809
97	64	2.6	0.600708823672418	2	0.0993275940878275	3.3	-0.182564870776332	4.4	0.615771024583157	2.3	0.58225090630011	1.6	-1.18313396550829	1.32435951235889
97	64	2.6	0.600708823672418	2	0.0993275940878275	3	-0.287688674957573	2.2	-1.12465771102114	2.3	1.67851444274355	1.5	-0.780501608586493	0.951702865938596
97	64	2.6	0.600708823672418	2	0.0993275940878275	2.1	-1.10927701827252	2.3	1.24267702194518	3.8	-0.305777464058387	3.9	1.74769498790242	2.58935394527694
97	64	2.6	0.600708823672418	2	0.0993275940878275	3.1	-0.522488000691865	3.7	0.917015357279716	1.3	0.212562920895279	2.1	1.83718698216698	3.59031367741036
98	30	3.6	-1.25127136162494	1.2	-0.571850057895563	2.8	-0.0158765401725334	3	-0.221097534612643	1.6	-0.349143907623776	4.6	0.101827100770957	-2.3794123011585
98	30	3.6	-1.25127136162494	1.2	-0.571850057895563	2.2	-0.631445133964004	4.1	-1.26265361790382	1	1.61863073979497	4.4	-0.176885101848043	-2.6294745334414
98	30	3.6	-1.25127136162494	1.2	-0.571850057895563	2.6	0.30528731624952	3.9	2.23103374174	4.7	-1.89803988850216	3.8	-0.188861145649654	-0.743701395682798
98	30	3.6	-1.25127136162494	1.2	-0.571850057895563	4.5	0.144878603892084	2.8	1.30837687256018	4.8	-1.1065443604311	3.6	-2.24602095858914	-2.44043126208849
98	30	3.6	-1.25127136162494	1.2	-0.571850057895563	3.9	-0.909335306190533	3.4	0.456464463620211	3	-0.749450708751393	2.3	-1.21358393934181	-3.24902691018403
98	30	3.6	-1.25127136162494	1.2	-0.571850057895563	4.9	0.591884173719186	4.8	-0.23394921750512	1.9	-1.31288137012789	1.6	0.398067880061656	-1.19799995337268
98	30	3.6	-1.25127136162494	1.2	-0.571850057895563	1	1.39044430779123	3.7	0.263723443119044	4.4	1.10328832396475	2.3	0.954241564599601	2.28257621995412
99	48	1.6	-0.611165916680421	3.7	-0.974009582804091	1.8	-1.3931570264426	3.2	0.320066756976218	4.7	-0.150674709191607	4.6	-0.42412912886889	-3.03906960701139
99	48	1.6	-0.611165916680421	3.7	-0.974009582804091	3.5	-0.821881761146586	4	-0.467075231215858	2.8	-0.524879585681838	3.9	-0.14031375201881	-3.0913258295476
99	48	1.6	-0.611165916680421	3.7	-0.974009582804091	4.5	-0.466184298249508	4.2	1.25185533604649	1	-0.613375864498238	1.6	-0.227291151311803	-0.796171477497576
99	48	1.6	-0.611165916680421	3.7	-0.974009582804091	3.6	-1.05780115964582	1.8	-1.57147258552999	4.1	-0.488076187447781	2.8	0.205061938233205	-3.4954634938749
99	48	1.6	-0.611165916680421	3.7	-0.974009582804091	4.5	1.16921913230753	2.1	0.819754452082411	4	-1.63068332611037	2.1	-0.824595488543724	-0.665480729748667
100	51	3.3	-1.18548008459731	4.1	-0.17990623104754	1.8	1.02541957291262	4.3	0.941678390793508	3.7	-0.207148755289783	1.7	0.489739478739408	1.3273023715109
100	51	3.3	-1.18548008459731	4.1	-0.17990623104754	1.6	0.726076067920901	4.2	-0.957557635163553	1.2	0.776055388702504	1.8	-0.886645159105548	-1.84245765329055
100	51	3.3	-1.18548008459731	4.1	-0.17990623104754	3.2	0.219787376146357	4.7	0.815734661922782	1.3	-0.0686352590528387	2.9	-0.203416224345435	-0.466915760973986
100	51	3.3	-1.18548008459731	4.1	-0.17990623104754	1.3	0.691599611796066	3.1	-0.654644004575309	3.3	-0.178001417030709	2.3	0.196040421321585	-1.19339170413322
100	51	3.3	-1.18548008459731	4.1	-0.17990623104754	2.4	-0.980497735371133	3.5	-0.467004937215929	1.4	2.3728384785312	4.2	-1.62228902295211	-2.38333953265282
100	51	3.3	-1.18548008459731	4.1	-0.17990623104754	3.4	-1.14060970386147	1.7	-0.316322783112879	2.2	1.08720419757735	1.3	-0.564072704862475	-1.54418730990432
100	51	3.3	-1.18548008459731	4.1	-0.17990623104754	1.7	-1.21548799679483	2.8	1.70613096372459	1.2	0.130018231301872	2.4	-0.349546019969113	-1.29127113738232
100	51	3.3	-1.18548008459731	4.1	-0.17990623104754	3.6	0.0447285363233251	4.5	-0.10259853097	2.9	-0.731197996627968	2.6	1.05429867737695	-0.461155629542548
100	51	3.3	-1.18548008459731	4.1	-0.17990623104754	2.9	0.661470374680939	2	-0.173644569076374	3.4	1.17912968355308	2.4	1.57179209183284	2.49236126534563
